   -20.00000000000000000000
   -6.41716616400349781912
   -6.11675511954972339623
   -5.94124116929847545521
   -5.81686772842222943325
   -5.34411688932662887197
   -20.00000000000000000000
   -6.59717929698100835623
   -6.29614938720525785243
   -6.12005815677899001059
   -5.99511956331778783635
   -5.51799830859812612260
   -20.00000000000000000000
   -6.49503830200141774043
   -6.19462550661524780082
   -6.01910989094788462239
   -5.89473445152075559150
   -5.42197049056712820914
   -4.95667427499837831562
   -3.90320048556415422070
   -3.62240292003639607898
   -3.45363355764418367144
   -3.33267464569421401066
   -2.86686747477755510261
