 NUM_P     11
 NUM_T    101
DATA_LIST_ORDER
  PRESSURE  MPa
  TEMPERATURE  C
  DENSITY  kg/m^3
  INTERNAL_ENERGY  MJ/kg
  ENTHALPY  MJ/kg
  VISCOSITY  Pa-s
END
DATA
  1.000000E+00  1.000000E+00  2.074060E+01  4.267578E-01  4.749725E-01  1.386695E-05
  1.000000E+00  2.000000E+00  2.064554E+01  4.274643E-01  4.759009E-01  1.391547E-05
  1.000000E+00  3.000000E+00  2.055156E+01  4.281706E-01  4.768287E-01  1.396398E-05
  1.000000E+00  4.000000E+00  2.045862E+01  4.288766E-01  4.777558E-01  1.401246E-05
  1.000000E+00  5.000000E+00  2.036671E+01  4.295825E-01  4.786823E-01  1.406092E-05
  1.000000E+00  6.000000E+00  2.027580E+01  4.302883E-01  4.796082E-01  1.410937E-05
  1.000000E+00  7.000000E+00  2.018588E+01  4.309940E-01  4.805335E-01  1.415779E-05
  1.000000E+00  8.000000E+00  2.009692E+01  4.316995E-01  4.814584E-01  1.420620E-05
  1.000000E+00  9.000000E+00  2.000892E+01  4.324051E-01  4.823828E-01  1.425458E-05
  1.000000E+00  1.000000E+01  1.992184E+01  4.331106E-01  4.833067E-01  1.430295E-05
  1.000000E+00  1.100000E+01  1.983567E+01  4.338161E-01  4.842303E-01  1.435129E-05
  1.000000E+00  1.200000E+01  1.975040E+01  4.345216E-01  4.851535E-01  1.439961E-05
  1.000000E+00  1.300000E+01  1.966600E+01  4.352272E-01  4.860763E-01  1.444790E-05
  1.000000E+00  1.400000E+01  1.958247E+01  4.359328E-01  4.869989E-01  1.449618E-05
  1.000000E+00  1.500000E+01  1.949979E+01  4.366385E-01  4.879212E-01  1.454443E-05
  1.000000E+00  1.600000E+01  1.941793E+01  4.373444E-01  4.888432E-01  1.459266E-05
  1.000000E+00  1.700000E+01  1.933689E+01  4.380504E-01  4.897650E-01  1.464087E-05
  1.000000E+00  1.800000E+01  1.925665E+01  4.387565E-01  4.906866E-01  1.468905E-05
  1.000000E+00  1.900000E+01  1.917720E+01  4.394628E-01  4.916080E-01  1.473721E-05
  1.000000E+00  2.000000E+01  1.909852E+01  4.401692E-01  4.925293E-01  1.478534E-05
  1.000000E+00  2.100000E+01  1.902061E+01  4.408759E-01  4.934505E-01  1.483346E-05
  1.000000E+00  2.200000E+01  1.894344E+01  4.415828E-01  4.943715E-01  1.488154E-05
  1.000000E+00  2.300000E+01  1.886700E+01  4.422899E-01  4.952925E-01  1.492960E-05
  1.000000E+00  2.400000E+01  1.879129E+01  4.429973E-01  4.962134E-01  1.497764E-05
  1.000000E+00  2.500000E+01  1.871629E+01  4.437049E-01  4.971343E-01  1.502565E-05
  1.000000E+00  2.600000E+01  1.864199E+01  4.444129E-01  4.980552E-01  1.507364E-05
  1.000000E+00  2.700000E+01  1.856837E+01  4.451211E-01  4.989761E-01  1.512160E-05
  1.000000E+00  2.800000E+01  1.849543E+01  4.458296E-01  4.998970E-01  1.516954E-05
  1.000000E+00  2.900000E+01  1.842316E+01  4.465384E-01  5.008179E-01  1.521745E-05
  1.000000E+00  3.000000E+01  1.835154E+01  4.472476E-01  5.017389E-01  1.526533E-05
  1.000000E+00  3.100000E+01  1.828057E+01  4.479571E-01  5.026600E-01  1.531319E-05
  1.000000E+00  3.200000E+01  1.821023E+01  4.486670E-01  5.035812E-01  1.536102E-05
  1.000000E+00  3.300000E+01  1.814051E+01  4.493772E-01  5.045025E-01  1.540882E-05
  1.000000E+00  3.400000E+01  1.807141E+01  4.500879E-01  5.054239E-01  1.545660E-05
  1.000000E+00  3.500000E+01  1.800292E+01  4.507989E-01  5.063454E-01  1.550435E-05
  1.000000E+00  3.600000E+01  1.793502E+01  4.515103E-01  5.072671E-01  1.555207E-05
  1.000000E+00  3.700000E+01  1.786770E+01  4.522221E-01  5.081890E-01  1.559977E-05
  1.000000E+00  3.800000E+01  1.780097E+01  4.529343E-01  5.091110E-01  1.564743E-05
  1.000000E+00  3.900000E+01  1.773481E+01  4.536470E-01  5.100332E-01  1.569507E-05
  1.000000E+00  4.000000E+01  1.766921E+01  4.543600E-01  5.109557E-01  1.574268E-05
  1.000000E+00  4.100000E+01  1.760416E+01  4.550736E-01  5.118783E-01  1.579027E-05
  1.000000E+00  4.200000E+01  1.753965E+01  4.557876E-01  5.128012E-01  1.583782E-05
  1.000000E+00  4.300000E+01  1.747569E+01  4.565020E-01  5.137244E-01  1.588535E-05
  1.000000E+00  4.400000E+01  1.741225E+01  4.572169E-01  5.146478E-01  1.593284E-05
  1.000000E+00  4.500000E+01  1.734934E+01  4.579323E-01  5.155714E-01  1.598031E-05
  1.000000E+00  4.600000E+01  1.728694E+01  4.586482E-01  5.164954E-01  1.602775E-05
  1.000000E+00  4.700000E+01  1.722505E+01  4.593646E-01  5.174196E-01  1.607516E-05
  1.000000E+00  4.800000E+01  1.716366E+01  4.600815E-01  5.183441E-01  1.612255E-05
  1.000000E+00  4.900000E+01  1.710276E+01  4.607988E-01  5.192689E-01  1.616990E-05
  1.000000E+00  5.000000E+01  1.704235E+01  4.615167E-01  5.201941E-01  1.621722E-05
  1.000000E+00  5.100000E+01  1.698242E+01  4.622351E-01  5.211196E-01  1.626451E-05
  1.000000E+00  5.200000E+01  1.692296E+01  4.629541E-01  5.220454E-01  1.631178E-05
  1.000000E+00  5.300000E+01  1.686397E+01  4.636736E-01  5.229716E-01  1.635901E-05
  1.000000E+00  5.400000E+01  1.680545E+01  4.643936E-01  5.238981E-01  1.640621E-05
  1.000000E+00  5.500000E+01  1.674737E+01  4.651141E-01  5.248250E-01  1.645339E-05
  1.000000E+00  5.600000E+01  1.668975E+01  4.658352E-01  5.257522E-01  1.650053E-05
  1.000000E+00  5.700000E+01  1.663257E+01  4.665569E-01  5.266799E-01  1.654764E-05
  1.000000E+00  5.800000E+01  1.657583E+01  4.672791E-01  5.276079E-01  1.659472E-05
  1.000000E+00  5.900000E+01  1.651952E+01  4.680019E-01  5.285363E-01  1.664178E-05
  1.000000E+00  6.000000E+01  1.646363E+01  4.687252E-01  5.294651E-01  1.668880E-05
  1.000000E+00  6.100000E+01  1.640817E+01  4.694491E-01  5.303944E-01  1.673579E-05
  1.000000E+00  6.200000E+01  1.635312E+01  4.701736E-01  5.313240E-01  1.678275E-05
  1.000000E+00  6.300000E+01  1.629848E+01  4.708987E-01  5.322541E-01  1.682967E-05
  1.000000E+00  6.400000E+01  1.624425E+01  4.716244E-01  5.331846E-01  1.687657E-05
  1.000000E+00  6.500000E+01  1.619041E+01  4.723506E-01  5.341156E-01  1.692344E-05
  1.000000E+00  6.600000E+01  1.613697E+01  4.730775E-01  5.350470E-01  1.697027E-05
  1.000000E+00  6.700000E+01  1.608392E+01  4.738049E-01  5.359788E-01  1.701707E-05
  1.000000E+00  6.800000E+01  1.603126E+01  4.745330E-01  5.369111E-01  1.706384E-05
  1.000000E+00  6.900000E+01  1.597898E+01  4.752617E-01  5.378439E-01  1.711058E-05
  1.000000E+00  7.000000E+01  1.592707E+01  4.759909E-01  5.387771E-01  1.715729E-05
  1.000000E+00  7.100000E+01  1.587554E+01  4.767208E-01  5.397108E-01  1.720397E-05
  1.000000E+00  7.200000E+01  1.582437E+01  4.774513E-01  5.406450E-01  1.725061E-05
  1.000000E+00  7.300000E+01  1.577357E+01  4.781825E-01  5.415797E-01  1.729722E-05
  1.000000E+00  7.400000E+01  1.572312E+01  4.789142E-01  5.425148E-01  1.734380E-05
  1.000000E+00  7.500000E+01  1.567303E+01  4.796466E-01  5.434504E-01  1.739035E-05
  1.000000E+00  7.600000E+01  1.562329E+01  4.803796E-01  5.443866E-01  1.743687E-05
  1.000000E+00  7.700000E+01  1.557389E+01  4.811132E-01  5.453232E-01  1.748335E-05
  1.000000E+00  7.800000E+01  1.552484E+01  4.818475E-01  5.462604E-01  1.752980E-05
  1.000000E+00  7.900000E+01  1.547613E+01  4.825824E-01  5.471980E-01  1.757622E-05
  1.000000E+00  8.000000E+01  1.542775E+01  4.833179E-01  5.481362E-01  1.762261E-05
  1.000000E+00  8.100000E+01  1.537970E+01  4.840541E-01  5.490749E-01  1.766896E-05
  1.000000E+00  8.200000E+01  1.533197E+01  4.847909E-01  5.500141E-01  1.771528E-05
  1.000000E+00  8.300000E+01  1.528457E+01  4.855283E-01  5.509538E-01  1.776157E-05
  1.000000E+00  8.400000E+01  1.523749E+01  4.862665E-01  5.518941E-01  1.780782E-05
  1.000000E+00  8.500000E+01  1.519073E+01  4.870052E-01  5.528349E-01  1.785405E-05
  1.000000E+00  8.600000E+01  1.514427E+01  4.877446E-01  5.537762E-01  1.790024E-05
  1.000000E+00  8.700000E+01  1.509813E+01  4.884847E-01  5.547181E-01  1.794639E-05
  1.000000E+00  8.800000E+01  1.505229E+01  4.892254E-01  5.556605E-01  1.799252E-05
  1.000000E+00  8.900000E+01  1.500676E+01  4.899668E-01  5.566034E-01  1.803861E-05
  1.000000E+00  9.000000E+01  1.496152E+01  4.907088E-01  5.575469E-01  1.808466E-05
  1.000000E+00  9.100000E+01  1.491658E+01  4.914515E-01  5.584910E-01  1.813069E-05
  1.000000E+00  9.200000E+01  1.487193E+01  4.921948E-01  5.594356E-01  1.817668E-05
  1.000000E+00  9.300000E+01  1.482757E+01  4.929389E-01  5.603808E-01  1.822264E-05
  1.000000E+00  9.400000E+01  1.478350E+01  4.936835E-01  5.613265E-01  1.826856E-05
  1.000000E+00  9.500000E+01  1.473971E+01  4.944289E-01  5.622728E-01  1.831445E-05
  1.000000E+00  9.600000E+01  1.469620E+01  4.951749E-01  5.632197E-01  1.836031E-05
  1.000000E+00  9.700000E+01  1.465297E+01  4.959216E-01  5.641671E-01  1.840613E-05
  1.000000E+00  9.800000E+01  1.461001E+01  4.966689E-01  5.651151E-01  1.845192E-05
  1.000000E+00  9.900000E+01  1.456733E+01  4.974169E-01  5.660637E-01  1.849768E-05
  1.000000E+00  1.000000E+02  1.452491E+01  4.981656E-01  5.670129E-01  1.854340E-05
  1.000000E+00  1.010000E+02  1.448276E+01  4.989150E-01  5.679626E-01  1.858909E-05
  2.000000E+00  1.000000E+00  4.532552E+01  4.169773E-01  4.611025E-01  1.408395E-05
  2.000000E+00  2.000000E+00  4.504839E+01  4.178063E-01  4.622030E-01  1.413021E-05
  2.000000E+00  3.000000E+00  4.477625E+01  4.186319E-01  4.632984E-01  1.417651E-05
  2.000000E+00  4.000000E+00  4.450891E+01  4.194541E-01  4.643889E-01  1.422284E-05
  2.000000E+00  5.000000E+00  4.424622E+01  4.202732E-01  4.654748E-01  1.426920E-05
  2.000000E+00  6.000000E+00  4.398801E+01  4.210893E-01  4.665562E-01  1.431559E-05
  2.000000E+00  7.000000E+00  4.373413E+01  4.219026E-01  4.676334E-01  1.436201E-05
  2.000000E+00  8.000000E+00  4.348446E+01  4.227131E-01  4.687066E-01  1.440845E-05
  2.000000E+00  9.000000E+00  4.323884E+01  4.235211E-01  4.697758E-01  1.445491E-05
  2.000000E+00  1.000000E+01  4.299716E+01  4.243267E-01  4.708414E-01  1.450139E-05
  2.000000E+00  1.100000E+01  4.275929E+01  4.251299E-01  4.719033E-01  1.454790E-05
  2.000000E+00  1.200000E+01  4.252512E+01  4.259309E-01  4.729619E-01  1.459441E-05
  2.000000E+00  1.300000E+01  4.229454E+01  4.267298E-01  4.740172E-01  1.464095E-05
  2.000000E+00  1.400000E+01  4.206744E+01  4.275266E-01  4.750693E-01  1.468750E-05
  2.000000E+00  1.500000E+01  4.184373E+01  4.283216E-01  4.761185E-01  1.473406E-05
  2.000000E+00  1.600000E+01  4.162330E+01  4.291147E-01  4.771647E-01  1.478063E-05
  2.000000E+00  1.700000E+01  4.140607E+01  4.299061E-01  4.782082E-01  1.482721E-05
  2.000000E+00  1.800000E+01  4.119194E+01  4.306959E-01  4.792490E-01  1.487379E-05
  2.000000E+00  1.900000E+01  4.098084E+01  4.314840E-01  4.802873E-01  1.492039E-05
  2.000000E+00  2.000000E+01  4.077268E+01  4.322707E-01  4.813232E-01  1.496699E-05
  2.000000E+00  2.100000E+01  4.056739E+01  4.330560E-01  4.823567E-01  1.501359E-05
  2.000000E+00  2.200000E+01  4.036489E+01  4.338399E-01  4.833879E-01  1.506020E-05
  2.000000E+00  2.300000E+01  4.016511E+01  4.346225E-01  4.844170E-01  1.510681E-05
  2.000000E+00  2.400000E+01  3.996798E+01  4.354039E-01  4.854440E-01  1.515342E-05
  2.000000E+00  2.500000E+01  3.977343E+01  4.361842E-01  4.864690E-01  1.520003E-05
  2.000000E+00  2.600000E+01  3.958141E+01  4.369633E-01  4.874921E-01  1.524664E-05
  2.000000E+00  2.700000E+01  3.939185E+01  4.377414E-01  4.885133E-01  1.529325E-05
  2.000000E+00  2.800000E+01  3.920470E+01  4.385185E-01  4.895328E-01  1.533986E-05
  2.000000E+00  2.900000E+01  3.901989E+01  4.392946E-01  4.905505E-01  1.538646E-05
  2.000000E+00  3.000000E+01  3.883737E+01  4.400699E-01  4.915667E-01  1.543306E-05
  2.000000E+00  3.100000E+01  3.865709E+01  4.408443E-01  4.925812E-01  1.547965E-05
  2.000000E+00  3.200000E+01  3.847900E+01  4.416179E-01  4.935943E-01  1.552624E-05
  2.000000E+00  3.300000E+01  3.830305E+01  4.423907E-01  4.946059E-01  1.557282E-05
  2.000000E+00  3.400000E+01  3.812919E+01  4.431628E-01  4.956161E-01  1.561940E-05
  2.000000E+00  3.500000E+01  3.795737E+01  4.439342E-01  4.966249E-01  1.566596E-05
  2.000000E+00  3.600000E+01  3.778756E+01  4.447050E-01  4.976325E-01  1.571252E-05
  2.000000E+00  3.700000E+01  3.761970E+01  4.454752E-01  4.986389E-01  1.575907E-05
  2.000000E+00  3.800000E+01  3.745377E+01  4.462448E-01  4.996440E-01  1.580561E-05
  2.000000E+00  3.900000E+01  3.728971E+01  4.470139E-01  5.006480E-01  1.585213E-05
  2.000000E+00  4.000000E+01  3.712749E+01  4.477825E-01  5.016510E-01  1.589865E-05
  2.000000E+00  4.100000E+01  3.696707E+01  4.485506E-01  5.026529E-01  1.594515E-05
  2.000000E+00  4.200000E+01  3.680841E+01  4.493183E-01  5.036537E-01  1.599165E-05
  2.000000E+00  4.300000E+01  3.665148E+01  4.500856E-01  5.046537E-01  1.603812E-05
  2.000000E+00  4.400000E+01  3.649625E+01  4.508525E-01  5.056527E-01  1.608459E-05
  2.000000E+00  4.500000E+01  3.634267E+01  4.516191E-01  5.066508E-01  1.613104E-05
  2.000000E+00  4.600000E+01  3.619073E+01  4.523853E-01  5.076481E-01  1.617748E-05
  2.000000E+00  4.700000E+01  3.604038E+01  4.531513E-01  5.086446E-01  1.622390E-05
  2.000000E+00  4.800000E+01  3.589161E+01  4.539170E-01  5.096403E-01  1.627031E-05
  2.000000E+00  4.900000E+01  3.574436E+01  4.546824E-01  5.106353E-01  1.631670E-05
  2.000000E+00  5.000000E+01  3.559863E+01  4.554476E-01  5.116295E-01  1.636308E-05
  2.000000E+00  5.100000E+01  3.545438E+01  4.562126E-01  5.126232E-01  1.640944E-05
  2.000000E+00  5.200000E+01  3.531158E+01  4.569775E-01  5.136161E-01  1.645578E-05
  2.000000E+00  5.300000E+01  3.517021E+01  4.577422E-01  5.146085E-01  1.650210E-05
  2.000000E+00  5.400000E+01  3.503024E+01  4.585068E-01  5.156003E-01  1.654841E-05
  2.000000E+00  5.500000E+01  3.489165E+01  4.592713E-01  5.165916E-01  1.659470E-05
  2.000000E+00  5.600000E+01  3.475441E+01  4.600357E-01  5.175823E-01  1.664097E-05
  2.000000E+00  5.700000E+01  3.461850E+01  4.608000E-01  5.185726E-01  1.668722E-05
  2.000000E+00  5.800000E+01  3.448389E+01  4.615642E-01  5.195623E-01  1.673345E-05
  2.000000E+00  5.900000E+01  3.435057E+01  4.623285E-01  5.205517E-01  1.677966E-05
  2.000000E+00  6.000000E+01  3.421851E+01  4.630927E-01  5.215406E-01  1.682585E-05
  2.000000E+00  6.100000E+01  3.408769E+01  4.638569E-01  5.225292E-01  1.687202E-05
  2.000000E+00  6.200000E+01  3.395809E+01  4.646212E-01  5.235173E-01  1.691817E-05
  2.000000E+00  6.300000E+01  3.382969E+01  4.653855E-01  5.245052E-01  1.696430E-05
  2.000000E+00  6.400000E+01  3.370247E+01  4.661498E-01  5.254927E-01  1.701041E-05
  2.000000E+00  6.500000E+01  3.357641E+01  4.669143E-01  5.264799E-01  1.705650E-05
  2.000000E+00  6.600000E+01  3.345149E+01  4.676787E-01  5.274668E-01  1.710256E-05
  2.000000E+00  6.700000E+01  3.332769E+01  4.684433E-01  5.284535E-01  1.714860E-05
  2.000000E+00  6.800000E+01  3.320500E+01  4.692080E-01  5.294399E-01  1.719462E-05
  2.000000E+00  6.900000E+01  3.308339E+01  4.699729E-01  5.304261E-01  1.724062E-05
  2.000000E+00  7.000000E+01  3.296286E+01  4.707378E-01  5.314122E-01  1.728660E-05
  2.000000E+00  7.100000E+01  3.284338E+01  4.715029E-01  5.323980E-01  1.733255E-05
  2.000000E+00  7.200000E+01  3.272494E+01  4.722682E-01  5.333837E-01  1.737848E-05
  2.000000E+00  7.300000E+01  3.260752E+01  4.730336E-01  5.343692E-01  1.742438E-05
  2.000000E+00  7.400000E+01  3.249111E+01  4.737993E-01  5.353546E-01  1.747026E-05
  2.000000E+00  7.500000E+01  3.237569E+01  4.745651E-01  5.363398E-01  1.751612E-05
  2.000000E+00  7.600000E+01  3.226124E+01  4.753311E-01  5.373250E-01  1.756195E-05
  2.000000E+00  7.700000E+01  3.214776E+01  4.760974E-01  5.383101E-01  1.760776E-05
  2.000000E+00  7.800000E+01  3.203522E+01  4.768638E-01  5.392951E-01  1.765354E-05
  2.000000E+00  7.900000E+01  3.192362E+01  4.776305E-01  5.402801E-01  1.769930E-05
  2.000000E+00  8.000000E+01  3.181294E+01  4.783975E-01  5.412650E-01  1.774503E-05
  2.000000E+00  8.100000E+01  3.170316E+01  4.791647E-01  5.422499E-01  1.779074E-05
  2.000000E+00  8.200000E+01  3.159428E+01  4.799322E-01  5.432348E-01  1.783642E-05
  2.000000E+00  8.300000E+01  3.148629E+01  4.806999E-01  5.442197E-01  1.788207E-05
  2.000000E+00  8.400000E+01  3.137916E+01  4.814680E-01  5.452046E-01  1.792770E-05
  2.000000E+00  8.500000E+01  3.127288E+01  4.822363E-01  5.461895E-01  1.797331E-05
  2.000000E+00  8.600000E+01  3.116745E+01  4.830049E-01  5.471744E-01  1.801888E-05
  2.000000E+00  8.700000E+01  3.106286E+01  4.837739E-01  5.481594E-01  1.806443E-05
  2.000000E+00  8.800000E+01  3.095908E+01  4.845431E-01  5.491445E-01  1.810996E-05
  2.000000E+00  8.900000E+01  3.085612E+01  4.853127E-01  5.501297E-01  1.815545E-05
  2.000000E+00  9.000000E+01  3.075396E+01  4.860826E-01  5.511149E-01  1.820092E-05
  2.000000E+00  9.100000E+01  3.065258E+01  4.868529E-01  5.521002E-01  1.824637E-05
  2.000000E+00  9.200000E+01  3.055198E+01  4.876234E-01  5.530856E-01  1.829178E-05
  2.000000E+00  9.300000E+01  3.045216E+01  4.883944E-01  5.540712E-01  1.833717E-05
  2.000000E+00  9.400000E+01  3.035308E+01  4.891657E-01  5.550569E-01  1.838253E-05
  2.000000E+00  9.500000E+01  3.025476E+01  4.899374E-01  5.560427E-01  1.842786E-05
  2.000000E+00  9.600000E+01  3.015718E+01  4.907094E-01  5.570286E-01  1.847317E-05
  2.000000E+00  9.700000E+01  3.006032E+01  4.914818E-01  5.580147E-01  1.851844E-05
  2.000000E+00  9.800000E+01  2.996418E+01  4.922546E-01  5.590010E-01  1.856369E-05
  2.000000E+00  9.900000E+01  2.986875E+01  4.930278E-01  5.599874E-01  1.860891E-05
  2.000000E+00  1.000000E+02  2.977403E+01  4.938014E-01  5.609740E-01  1.865410E-05
  2.000000E+00  1.010000E+02  2.967999E+01  4.945754E-01  5.619608E-01  1.869927E-05
  3.000000E+00  1.000000E+00  7.660909E+01  4.045181E-01  4.436780E-01  1.448589E-05
  3.000000E+00  2.000000E+00  7.590755E+01  4.055937E-01  4.451155E-01  1.452452E-05
  3.000000E+00  3.000000E+00  7.522898E+01  4.066542E-01  4.465324E-01  1.456354E-05
  3.000000E+00  4.000000E+00  7.457186E+01  4.077006E-01  4.479302E-01  1.460292E-05
  3.000000E+00  5.000000E+00  7.393481E+01  4.087338E-01  4.493101E-01  1.464262E-05
  3.000000E+00  6.000000E+00  7.331660E+01  4.097549E-01  4.506733E-01  1.468263E-05
  3.000000E+00  7.000000E+00  7.271611E+01  4.107646E-01  4.520209E-01  1.472293E-05
  3.000000E+00  8.000000E+00  7.213232E+01  4.117636E-01  4.533538E-01  1.476349E-05
  3.000000E+00  9.000000E+00  7.156430E+01  4.127526E-01  4.546729E-01  1.480430E-05
  3.000000E+00  1.000000E+01  7.101121E+01  4.137322E-01  4.559791E-01  1.484534E-05
  3.000000E+00  1.100000E+01  7.047225E+01  4.147030E-01  4.572730E-01  1.488659E-05
  3.000000E+00  1.200000E+01  6.994673E+01  4.156655E-01  4.585553E-01  1.492805E-05
  3.000000E+00  1.300000E+01  6.943397E+01  4.166201E-01  4.598267E-01  1.496970E-05
  3.000000E+00  1.400000E+01  6.893336E+01  4.175674E-01  4.610877E-01  1.501153E-05
  3.000000E+00  1.500000E+01  6.844433E+01  4.185076E-01  4.623389E-01  1.505352E-05
  3.000000E+00  1.600000E+01  6.796636E+01  4.194413E-01  4.635807E-01  1.509568E-05
  3.000000E+00  1.700000E+01  6.749896E+01  4.203686E-01  4.648138E-01  1.513798E-05
  3.000000E+00  1.800000E+01  6.704167E+01  4.212901E-01  4.660383E-01  1.518042E-05
  3.000000E+00  1.900000E+01  6.659406E+01  4.222059E-01  4.672549E-01  1.522299E-05
  3.000000E+00  2.000000E+01  6.615573E+01  4.231163E-01  4.684638E-01  1.526569E-05
  3.000000E+00  2.100000E+01  6.572631E+01  4.240217E-01  4.696655E-01  1.530851E-05
  3.000000E+00  2.200000E+01  6.530545E+01  4.249222E-01  4.708602E-01  1.535144E-05
  3.000000E+00  2.300000E+01  6.489281E+01  4.258181E-01  4.720482E-01  1.539447E-05
  3.000000E+00  2.400000E+01  6.448809E+01  4.267097E-01  4.732299E-01  1.543761E-05
  3.000000E+00  2.500000E+01  6.409099E+01  4.275970E-01  4.744055E-01  1.548084E-05
  3.000000E+00  2.600000E+01  6.370124E+01  4.284804E-01  4.755753E-01  1.552415E-05
  3.000000E+00  2.700000E+01  6.331858E+01  4.293600E-01  4.767395E-01  1.556756E-05
  3.000000E+00  2.800000E+01  6.294275E+01  4.302360E-01  4.778984E-01  1.561104E-05
  3.000000E+00  2.900000E+01  6.257352E+01  4.311085E-01  4.790521E-01  1.565459E-05
  3.000000E+00  3.000000E+01  6.221068E+01  4.319777E-01  4.802009E-01  1.569822E-05
  3.000000E+00  3.100000E+01  6.185401E+01  4.328437E-01  4.813450E-01  1.574192E-05
  3.000000E+00  3.200000E+01  6.150331E+01  4.337068E-01  4.824846E-01  1.578568E-05
  3.000000E+00  3.300000E+01  6.115839E+01  4.345669E-01  4.836198E-01  1.582950E-05
  3.000000E+00  3.400000E+01  6.081907E+01  4.354242E-01  4.847508E-01  1.587338E-05
  3.000000E+00  3.500000E+01  6.048518E+01  4.362789E-01  4.858778E-01  1.591731E-05
  3.000000E+00  3.600000E+01  6.015655E+01  4.371310E-01  4.870009E-01  1.596129E-05
  3.000000E+00  3.700000E+01  5.983303E+01  4.379807E-01  4.881203E-01  1.600532E-05
  3.000000E+00  3.800000E+01  5.951446E+01  4.388281E-01  4.892360E-01  1.604940E-05
  3.000000E+00  3.900000E+01  5.920071E+01  4.396733E-01  4.903483E-01  1.609352E-05
  3.000000E+00  4.000000E+01  5.889163E+01  4.405163E-01  4.914573E-01  1.613768E-05
  3.000000E+00  4.100000E+01  5.858710E+01  4.413572E-01  4.925630E-01  1.618187E-05
  3.000000E+00  4.200000E+01  5.828698E+01  4.421962E-01  4.936657E-01  1.622611E-05
  3.000000E+00  4.300000E+01  5.799117E+01  4.430333E-01  4.947653E-01  1.627038E-05
  3.000000E+00  4.400000E+01  5.769954E+01  4.438686E-01  4.958621E-01  1.631468E-05
  3.000000E+00  4.500000E+01  5.741198E+01  4.447022E-01  4.969561E-01  1.635900E-05
  3.000000E+00  4.600000E+01  5.712838E+01  4.455341E-01  4.980474E-01  1.640336E-05
  3.000000E+00  4.700000E+01  5.684865E+01  4.463644E-01  4.991361E-01  1.644774E-05
  3.000000E+00  4.800000E+01  5.657269E+01  4.471932E-01  5.002223E-01  1.649215E-05
  3.000000E+00  4.900000E+01  5.630040E+01  4.480205E-01  5.013061E-01  1.653658E-05
  3.000000E+00  5.000000E+01  5.603169E+01  4.488464E-01  5.023876E-01  1.658103E-05
  3.000000E+00  5.100000E+01  5.576647E+01  4.496711E-01  5.034668E-01  1.662550E-05
  3.000000E+00  5.200000E+01  5.550466E+01  4.504944E-01  5.045439E-01  1.666999E-05
  3.000000E+00  5.300000E+01  5.524618E+01  4.513165E-01  5.056189E-01  1.671449E-05
  3.000000E+00  5.400000E+01  5.499095E+01  4.521374E-01  5.066919E-01  1.675901E-05
  3.000000E+00  5.500000E+01  5.473889E+01  4.529572E-01  5.077629E-01  1.680354E-05
  3.000000E+00  5.600000E+01  5.448993E+01  4.537760E-01  5.088320E-01  1.684809E-05
  3.000000E+00  5.700000E+01  5.424400E+01  4.545937E-01  5.098993E-01  1.689265E-05
  3.000000E+00  5.800000E+01  5.400104E+01  4.554104E-01  5.109649E-01  1.693721E-05
  3.000000E+00  5.900000E+01  5.376097E+01  4.562262E-01  5.120288E-01  1.698179E-05
  3.000000E+00  6.000000E+01  5.352374E+01  4.570412E-01  5.130911E-01  1.702637E-05
  3.000000E+00  6.100000E+01  5.328928E+01  4.578552E-01  5.141517E-01  1.707096E-05
  3.000000E+00  6.200000E+01  5.305753E+01  4.586685E-01  5.152109E-01  1.711556E-05
  3.000000E+00  6.300000E+01  5.282844E+01  4.594810E-01  5.162686E-01  1.716016E-05
  3.000000E+00  6.400000E+01  5.260194E+01  4.602927E-01  5.173248E-01  1.720476E-05
  3.000000E+00  6.500000E+01  5.237799E+01  4.611037E-01  5.183797E-01  1.724937E-05
  3.000000E+00  6.600000E+01  5.215654E+01  4.619141E-01  5.194333E-01  1.729397E-05
  3.000000E+00  6.700000E+01  5.193752E+01  4.627239E-01  5.204856E-01  1.733858E-05
  3.000000E+00  6.800000E+01  5.172091E+01  4.635330E-01  5.215366E-01  1.738319E-05
  3.000000E+00  6.900000E+01  5.150663E+01  4.643416E-01  5.225865E-01  1.742780E-05
  3.000000E+00  7.000000E+01  5.129466E+01  4.651496E-01  5.236352E-01  1.747241E-05
  3.000000E+00  7.100000E+01  5.108494E+01  4.659571E-01  5.246828E-01  1.751701E-05
  3.000000E+00  7.200000E+01  5.087743E+01  4.667641E-01  5.257293E-01  1.756161E-05
  3.000000E+00  7.300000E+01  5.067209E+01  4.675707E-01  5.267748E-01  1.760621E-05
  3.000000E+00  7.400000E+01  5.046888E+01  4.683768E-01  5.278194E-01  1.765081E-05
  3.000000E+00  7.500000E+01  5.026776E+01  4.691825E-01  5.288629E-01  1.769539E-05
  3.000000E+00  7.600000E+01  5.006869E+01  4.699879E-01  5.299055E-01  1.773998E-05
  3.000000E+00  7.700000E+01  4.987162E+01  4.707928E-01  5.309473E-01  1.778455E-05
  3.000000E+00  7.800000E+01  4.967654E+01  4.715975E-01  5.319882E-01  1.782912E-05
  3.000000E+00  7.900000E+01  4.948339E+01  4.724018E-01  5.330282E-01  1.787368E-05
  3.000000E+00  8.000000E+01  4.929214E+01  4.732059E-01  5.340675E-01  1.791823E-05
  3.000000E+00  8.100000E+01  4.910277E+01  4.740096E-01  5.351060E-01  1.796278E-05
  3.000000E+00  8.200000E+01  4.891523E+01  4.748132E-01  5.361438E-01  1.800731E-05
  3.000000E+00  8.300000E+01  4.872950E+01  4.756165E-01  5.371808E-01  1.805183E-05
  3.000000E+00  8.400000E+01  4.854554E+01  4.764196E-01  5.382172E-01  1.809635E-05
  3.000000E+00  8.500000E+01  4.836333E+01  4.772225E-01  5.392529E-01  1.814085E-05
  3.000000E+00  8.600000E+01  4.818283E+01  4.780252E-01  5.402880E-01  1.818534E-05
  3.000000E+00  8.700000E+01  4.800402E+01  4.788278E-01  5.413225E-01  1.822982E-05
  3.000000E+00  8.800000E+01  4.782686E+01  4.796302E-01  5.423565E-01  1.827429E-05
  3.000000E+00  8.900000E+01  4.765133E+01  4.804325E-01  5.433898E-01  1.831874E-05
  3.000000E+00  9.000000E+01  4.747741E+01  4.812347E-01  5.444227E-01  1.836318E-05
  3.000000E+00  9.100000E+01  4.730506E+01  4.820369E-01  5.454550E-01  1.840760E-05
  3.000000E+00  9.200000E+01  4.713426E+01  4.828389E-01  5.464869E-01  1.845202E-05
  3.000000E+00  9.300000E+01  4.696500E+01  4.836409E-01  5.475183E-01  1.849641E-05
  3.000000E+00  9.400000E+01  4.679723E+01  4.844429E-01  5.485492E-01  1.854080E-05
  3.000000E+00  9.500000E+01  4.663094E+01  4.852448E-01  5.495798E-01  1.858516E-05
  3.000000E+00  9.600000E+01  4.646610E+01  4.860467E-01  5.506099E-01  1.862951E-05
  3.000000E+00  9.700000E+01  4.630270E+01  4.868486E-01  5.516396E-01  1.867385E-05
  3.000000E+00  9.800000E+01  4.614071E+01  4.876505E-01  5.526690E-01  1.871816E-05
  3.000000E+00  9.900000E+01  4.598011E+01  4.884525E-01  5.536981E-01  1.876247E-05
  3.000000E+00  1.000000E+02  4.582087E+01  4.892545E-01  5.547268E-01  1.880675E-05
  3.000000E+00  1.010000E+02  4.566299E+01  4.900565E-01  5.557552E-01  1.885102E-05
  4.000000E+00  1.000000E+00  9.254078E+02  1.976496E-01  2.019720E-01  9.877084E-05
  4.000000E+00  2.000000E+00  9.185076E+02  2.001688E-01  2.045237E-01  9.680841E-05
  4.000000E+00  3.000000E+00  9.113881E+02  2.027291E-01  2.071180E-01  9.484600E-05
  4.000000E+00  4.000000E+00  9.040257E+02  2.053347E-01  2.097593E-01  9.288020E-05
  4.000000E+00  5.000000E+00  8.963919E+02  2.079909E-01  2.124532E-01  9.090707E-05
  4.000000E+00  6.000000E+00  1.145027E+02  3.938046E-01  4.287382E-01  1.540715E-05
  4.000000E+00  7.000000E+00  1.128363E+02  3.953463E-01  4.307958E-01  1.542215E-05
  4.000000E+00  8.000000E+00  1.112741E+02  3.968307E-01  4.327779E-01  1.543961E-05
  4.000000E+00  9.000000E+00  1.098028E+02  3.982654E-01  4.346944E-01  1.545920E-05
  4.000000E+00  1.000000E+01  1.084116E+02  3.996566E-01  4.365530E-01  1.548065E-05
  4.000000E+00  1.100000E+01  1.070917E+02  4.010091E-01  4.383602E-01  1.550374E-05
  4.000000E+00  1.200000E+01  1.058356E+02  4.023270E-01  4.401215E-01  1.552828E-05
  4.000000E+00  1.300000E+01  1.046370E+02  4.036139E-01  4.418413E-01  1.555412E-05
  4.000000E+00  1.400000E+01  1.034908E+02  4.048727E-01  4.435235E-01  1.558113E-05
  4.000000E+00  1.500000E+01  1.023922E+02  4.061059E-01  4.451714E-01  1.560920E-05
  4.000000E+00  1.600000E+01  1.013374E+02  4.073158E-01  4.467879E-01  1.563823E-05
  4.000000E+00  1.700000E+01  1.003228E+02  4.085043E-01  4.483756E-01  1.566813E-05
  4.000000E+00  1.800000E+01  9.934541E+01  4.096731E-01  4.499367E-01  1.569883E-05
  4.000000E+00  1.900000E+01  9.840246E+01  4.108237E-01  4.514731E-01  1.573028E-05
  4.000000E+00  2.000000E+01  9.749156E+01  4.119575E-01  4.529867E-01  1.576239E-05
  4.000000E+00  2.100000E+01  9.661055E+01  4.130756E-01  4.544789E-01  1.579514E-05
  4.000000E+00  2.200000E+01  9.575749E+01  4.141791E-01  4.559513E-01  1.582847E-05
  4.000000E+00  2.300000E+01  9.493063E+01  4.152690E-01  4.574050E-01  1.586233E-05
  4.000000E+00  2.400000E+01  9.412839E+01  4.163462E-01  4.588413E-01  1.589670E-05
  4.000000E+00  2.500000E+01  9.334933E+01  4.174115E-01  4.602613E-01  1.593153E-05
  4.000000E+00  2.600000E+01  9.259213E+01  4.184656E-01  4.616658E-01  1.596680E-05
  4.000000E+00  2.700000E+01  9.185560E+01  4.195091E-01  4.630557E-01  1.600249E-05
  4.000000E+00  2.800000E+01  9.113863E+01  4.205428E-01  4.644320E-01  1.603855E-05
  4.000000E+00  2.900000E+01  9.044021E+01  4.215671E-01  4.657952E-01  1.607497E-05
  4.000000E+00  3.000000E+01  8.975940E+01  4.225826E-01  4.671462E-01  1.611173E-05
  4.000000E+00  3.100000E+01  8.909535E+01  4.235897E-01  4.684854E-01  1.614881E-05
  4.000000E+00  3.200000E+01  8.844726E+01  4.245890E-01  4.698136E-01  1.618620E-05
  4.000000E+00  3.300000E+01  8.781438E+01  4.255807E-01  4.711313E-01  1.622386E-05
  4.000000E+00  3.400000E+01  8.719602E+01  4.265653E-01  4.724389E-01  1.626179E-05
  4.000000E+00  3.500000E+01  8.659154E+01  4.275431E-01  4.737370E-01  1.629997E-05
  4.000000E+00  3.600000E+01  8.600035E+01  4.285145E-01  4.750260E-01  1.633840E-05
  4.000000E+00  3.700000E+01  8.542187E+01  4.294798E-01  4.763062E-01  1.637704E-05
  4.000000E+00  3.800000E+01  8.485559E+01  4.304392E-01  4.775782E-01  1.641591E-05
  4.000000E+00  3.900000E+01  8.430101E+01  4.313931E-01  4.788421E-01  1.645498E-05
  4.000000E+00  4.000000E+01  8.375767E+01  4.323417E-01  4.800985E-01  1.649424E-05
  4.000000E+00  4.100000E+01  8.322514E+01  4.332852E-01  4.813476E-01  1.653368E-05
  4.000000E+00  4.200000E+01  8.270300E+01  4.342238E-01  4.825897E-01  1.657330E-05
  4.000000E+00  4.300000E+01  8.219087E+01  4.351579E-01  4.838251E-01  1.661308E-05
  4.000000E+00  4.400000E+01  8.168838E+01  4.360875E-01  4.850540E-01  1.665303E-05
  4.000000E+00  4.500000E+01  8.119518E+01  4.370128E-01  4.862768E-01  1.669312E-05
  4.000000E+00  4.600000E+01  8.071096E+01  4.379341E-01  4.874937E-01  1.673335E-05
  4.000000E+00  4.700000E+01  8.023540E+01  4.388516E-01  4.887049E-01  1.677372E-05
  4.000000E+00  4.800000E+01  7.976821E+01  4.397653E-01  4.899106E-01  1.681422E-05
  4.000000E+00  4.900000E+01  7.930911E+01  4.406754E-01  4.911110E-01  1.685485E-05
  4.000000E+00  5.000000E+01  7.885784E+01  4.415821E-01  4.923063E-01  1.689559E-05
  4.000000E+00  5.100000E+01  7.841414E+01  4.424856E-01  4.934968E-01  1.693644E-05
  4.000000E+00  5.200000E+01  7.797777E+01  4.433859E-01  4.946826E-01  1.697741E-05
  4.000000E+00  5.300000E+01  7.754851E+01  4.442832E-01  4.958638E-01  1.701847E-05
  4.000000E+00  5.400000E+01  7.712614E+01  4.451776E-01  4.970407E-01  1.705963E-05
  4.000000E+00  5.500000E+01  7.671045E+01  4.460692E-01  4.982134E-01  1.710089E-05
  4.000000E+00  5.600000E+01  7.630124E+01  4.469582E-01  4.993820E-01  1.714223E-05
  4.000000E+00  5.700000E+01  7.589833E+01  4.478446E-01  5.005466E-01  1.718366E-05
  4.000000E+00  5.800000E+01  7.550153E+01  4.487285E-01  5.017075E-01  1.722517E-05
  4.000000E+00  5.900000E+01  7.511067E+01  4.496100E-01  5.028648E-01  1.726675E-05
  4.000000E+00  6.000000E+01  7.472559E+01  4.504893E-01  5.040185E-01  1.730841E-05
  4.000000E+00  6.100000E+01  7.434611E+01  4.513664E-01  5.051688E-01  1.735014E-05
  4.000000E+00  6.200000E+01  7.397210E+01  4.522414E-01  5.063158E-01  1.739194E-05
  4.000000E+00  6.300000E+01  7.360341E+01  4.531144E-01  5.074597E-01  1.743380E-05
  4.000000E+00  6.400000E+01  7.323989E+01  4.539854E-01  5.086004E-01  1.747572E-05
  4.000000E+00  6.500000E+01  7.288142E+01  4.548545E-01  5.097382E-01  1.751770E-05
  4.000000E+00  6.600000E+01  7.252785E+01  4.557219E-01  5.108731E-01  1.755974E-05
  4.000000E+00  6.700000E+01  7.217907E+01  4.565875E-01  5.120052E-01  1.760183E-05
  4.000000E+00  6.800000E+01  7.183496E+01  4.574515E-01  5.131347E-01  1.764397E-05
  4.000000E+00  6.900000E+01  7.149540E+01  4.583138E-01  5.142615E-01  1.768615E-05
  4.000000E+00  7.000000E+01  7.116027E+01  4.591746E-01  5.153858E-01  1.772839E-05
  4.000000E+00  7.100000E+01  7.082948E+01  4.600339E-01  5.165076E-01  1.777066E-05
  4.000000E+00  7.200000E+01  7.050292E+01  4.608918E-01  5.176271E-01  1.781298E-05
  4.000000E+00  7.300000E+01  7.018049E+01  4.617484E-01  5.187443E-01  1.785534E-05
  4.000000E+00  7.400000E+01  6.986209E+01  4.626036E-01  5.198592E-01  1.789773E-05
  4.000000E+00  7.500000E+01  6.954764E+01  4.634575E-01  5.209720E-01  1.794016E-05
  4.000000E+00  7.600000E+01  6.923703E+01  4.643102E-01  5.220828E-01  1.798262E-05
  4.000000E+00  7.700000E+01  6.893019E+01  4.651618E-01  5.231915E-01  1.802512E-05
  4.000000E+00  7.800000E+01  6.862703E+01  4.660122E-01  5.242982E-01  1.806764E-05
  4.000000E+00  7.900000E+01  6.832747E+01  4.668615E-01  5.254031E-01  1.811020E-05
  4.000000E+00  8.000000E+01  6.803143E+01  4.677098E-01  5.265061E-01  1.815278E-05
  4.000000E+00  8.100000E+01  6.773883E+01  4.685570E-01  5.276074E-01  1.819538E-05
  4.000000E+00  8.200000E+01  6.744961E+01  4.694034E-01  5.287069E-01  1.823801E-05
  4.000000E+00  8.300000E+01  6.716369E+01  4.702487E-01  5.298047E-01  1.828066E-05
  4.000000E+00  8.400000E+01  6.688100E+01  4.710932E-01  5.309010E-01  1.832333E-05
  4.000000E+00  8.500000E+01  6.660148E+01  4.719369E-01  5.319956E-01  1.836602E-05
  4.000000E+00  8.600000E+01  6.632506E+01  4.727797E-01  5.330888E-01  1.840873E-05
  4.000000E+00  8.700000E+01  6.605168E+01  4.736218E-01  5.341804E-01  1.845146E-05
  4.000000E+00  8.800000E+01  6.578127E+01  4.744631E-01  5.352707E-01  1.849420E-05
  4.000000E+00  8.900000E+01  6.551378E+01  4.753037E-01  5.363595E-01  1.853696E-05
  4.000000E+00  9.000000E+01  6.524916E+01  4.761436E-01  5.374471E-01  1.857973E-05
  4.000000E+00  9.100000E+01  6.498734E+01  4.769828E-01  5.385333E-01  1.862251E-05
  4.000000E+00  9.200000E+01  6.472828E+01  4.778214E-01  5.396182E-01  1.866531E-05
  4.000000E+00  9.300000E+01  6.447191E+01  4.786595E-01  5.407020E-01  1.870811E-05
  4.000000E+00  9.400000E+01  6.421819E+01  4.794969E-01  5.417846E-01  1.875093E-05
  4.000000E+00  9.500000E+01  6.396707E+01  4.803338E-01  5.428660E-01  1.879375E-05
  4.000000E+00  9.600000E+01  6.371850E+01  4.811702E-01  5.439463E-01  1.883658E-05
  4.000000E+00  9.700000E+01  6.347244E+01  4.820061E-01  5.450255E-01  1.887942E-05
  4.000000E+00  9.800000E+01  6.322883E+01  4.828415E-01  5.461037E-01  1.892226E-05
  4.000000E+00  9.900000E+01  6.298764E+01  4.836764E-01  5.471810E-01  1.896510E-05
  4.000000E+00  1.000000E+02  6.274882E+01  4.845110E-01  5.482572E-01  1.900796E-05
  4.000000E+00  1.010000E+02  6.251233E+01  4.853451E-01  5.493325E-01  1.905081E-05
  5.000000E+00  1.000000E+00  9.342395E+02  1.956133E-01  2.009653E-01  1.013006E-04
  5.000000E+00  2.000000E+00  9.278062E+02  1.980385E-01  2.034276E-01  9.939980E-05
  5.000000E+00  3.000000E+00  9.212039E+02  2.004953E-01  2.059230E-01  9.750614E-05
  5.000000E+00  4.000000E+00  9.144177E+02  2.029864E-01  2.084544E-01  9.561736E-05
  5.000000E+00  5.000000E+00  9.074303E+02  2.055152E-01  2.110252E-01  9.373101E-05
  5.000000E+00  6.000000E+00  9.002217E+02  2.080852E-01  2.136393E-01  9.184433E-05
  5.000000E+00  7.000000E+00  8.927683E+02  2.107008E-01  2.163013E-01  8.995412E-05
  5.000000E+00  8.000000E+00  8.850423E+02  2.133671E-01  2.190166E-01  8.805670E-05
  5.000000E+00  9.000000E+00  8.770102E+02  2.160904E-01  2.217916E-01  8.614774E-05
  5.000000E+00  1.000000E+01  8.686314E+02  2.188780E-01  2.246342E-01  8.422205E-05
  5.000000E+00  1.100000E+01  8.598555E+02  2.217392E-01  2.275542E-01  8.227333E-05
  5.000000E+00  1.200000E+01  8.506193E+02  2.246857E-01  2.305637E-01  8.029373E-05
  5.000000E+00  1.300000E+01  8.408415E+02  2.277321E-01  2.336785E-01  7.827327E-05
  5.000000E+00  1.400000E+01  8.304143E+02  2.308982E-01  2.369193E-01  7.619885E-05
  5.000000E+00  1.500000E+01  1.541217E+02  3.873767E-01  4.198185E-01  1.677513E-05
  5.000000E+00  1.600000E+01  1.508995E+02  3.895037E-01  4.226383E-01  1.674003E-05
  5.000000E+00  1.700000E+01  1.479950E+02  3.914885E-01  4.252735E-01  1.671445E-05
  5.000000E+00  1.800000E+01  1.453461E+02  3.933591E-01  4.277598E-01  1.669645E-05
  5.000000E+00  1.900000E+01  1.429082E+02  3.951354E-01  4.301229E-01  1.668463E-05
  5.000000E+00  2.000000E+01  1.406480E+02  3.968323E-01  4.323820E-01  1.667796E-05
  5.000000E+00  2.100000E+01  1.385397E+02  3.984611E-01  4.345519E-01  1.667564E-05
  5.000000E+00  2.200000E+01  1.365631E+02  4.000310E-01  4.366441E-01  1.667705E-05
  5.000000E+00  2.300000E+01  1.347019E+02  4.015492E-01  4.386682E-01  1.668171E-05
  5.000000E+00  2.400000E+01  1.329428E+02  4.030217E-01  4.406318E-01  1.668920E-05
  5.000000E+00  2.500000E+01  1.312747E+02  4.044534E-01  4.425415E-01  1.669920E-05
  5.000000E+00  2.600000E+01  1.296883E+02  4.058486E-01  4.444026E-01  1.671142E-05
  5.000000E+00  2.700000E+01  1.281758E+02  4.072107E-01  4.462197E-01  1.672564E-05
  5.000000E+00  2.800000E+01  1.267303E+02  4.085429E-01  4.479968E-01  1.674166E-05
  5.000000E+00  2.900000E+01  1.253460E+02  4.098477E-01  4.497373E-01  1.675930E-05
  5.000000E+00  3.000000E+01  1.240179E+02  4.111275E-01  4.514443E-01  1.677841E-05
  5.000000E+00  3.100000E+01  1.227415E+02  4.123843E-01  4.531203E-01  1.679887E-05
  5.000000E+00  3.200000E+01  1.215128E+02  4.136198E-01  4.547678E-01  1.682057E-05
  5.000000E+00  3.300000E+01  1.203284E+02  4.148357E-01  4.563887E-01  1.684339E-05
  5.000000E+00  3.400000E+01  1.191851E+02  4.160333E-01  4.579849E-01  1.686726E-05
  5.000000E+00  3.500000E+01  1.180803E+02  4.172140E-01  4.595580E-01  1.689210E-05
  5.000000E+00  3.600000E+01  1.170113E+02  4.183787E-01  4.611097E-01  1.691783E-05
  5.000000E+00  3.700000E+01  1.159759E+02  4.195287E-01  4.626411E-01  1.694439E-05
  5.000000E+00  3.800000E+01  1.149722E+02  4.206648E-01  4.641536E-01  1.697173E-05
  5.000000E+00  3.900000E+01  1.139981E+02  4.217878E-01  4.656482E-01  1.699979E-05
  5.000000E+00  4.000000E+01  1.130521E+02  4.228986E-01  4.671260E-01  1.702852E-05
  5.000000E+00  4.100000E+01  1.121326E+02  4.239978E-01  4.685879E-01  1.705788E-05
  5.000000E+00  4.200000E+01  1.112380E+02  4.250861E-01  4.700347E-01  1.708784E-05
  5.000000E+00  4.300000E+01  1.103673E+02  4.261641E-01  4.714674E-01  1.711835E-05
  5.000000E+00  4.400000E+01  1.095190E+02  4.272323E-01  4.728865E-01  1.714938E-05
  5.000000E+00  4.500000E+01  1.086922E+02  4.282913E-01  4.742928E-01  1.718091E-05
  5.000000E+00  4.600000E+01  1.078858E+02  4.293416E-01  4.756869E-01  1.721290E-05
  5.000000E+00  4.700000E+01  1.070988E+02  4.303835E-01  4.770694E-01  1.724534E-05
  5.000000E+00  4.800000E+01  1.063303E+02  4.314176E-01  4.784409E-01  1.727819E-05
  5.000000E+00  4.900000E+01  1.055795E+02  4.324441E-01  4.798018E-01  1.731143E-05
  5.000000E+00  5.000000E+01  1.048456E+02  4.334635E-01  4.811526E-01  1.734504E-05
  5.000000E+00  5.100000E+01  1.041279E+02  4.344760E-01  4.824939E-01  1.737901E-05
  5.000000E+00  5.200000E+01  1.034258E+02  4.354821E-01  4.838259E-01  1.741331E-05
  5.000000E+00  5.300000E+01  1.027385E+02  4.364819E-01  4.851491E-01  1.744793E-05
  5.000000E+00  5.400000E+01  1.020655E+02  4.374758E-01  4.864639E-01  1.748285E-05
  5.000000E+00  5.500000E+01  1.014063E+02  4.384641E-01  4.877707E-01  1.751806E-05
  5.000000E+00  5.600000E+01  1.007602E+02  4.394469E-01  4.890697E-01  1.755354E-05
  5.000000E+00  5.700000E+01  1.001269E+02  4.404246E-01  4.903612E-01  1.758929E-05
  5.000000E+00  5.800000E+01  9.950572E+01  4.413972E-01  4.916456E-01  1.762528E-05
  5.000000E+00  5.900000E+01  9.889637E+01  4.423652E-01  4.929232E-01  1.766151E-05
  5.000000E+00  6.000000E+01  9.829837E+01  4.433286E-01  4.941941E-01  1.769797E-05
  5.000000E+00  6.100000E+01  9.771135E+01  4.442876E-01  4.954587E-01  1.773464E-05
  5.000000E+00  6.200000E+01  9.713491E+01  4.452424E-01  4.967172E-01  1.777153E-05
  5.000000E+00  6.300000E+01  9.656870E+01  4.461932E-01  4.979698E-01  1.780860E-05
  5.000000E+00  6.400000E+01  9.601237E+01  4.471401E-01  4.992168E-01  1.784587E-05
  5.000000E+00  6.500000E+01  9.546562E+01  4.480834E-01  5.004582E-01  1.788332E-05
  5.000000E+00  6.600000E+01  9.492812E+01  4.490230E-01  5.016944E-01  1.792094E-05
  5.000000E+00  6.700000E+01  9.439959E+01  4.499592E-01  5.029256E-01  1.795873E-05
  5.000000E+00  6.800000E+01  9.387975E+01  4.508921E-01  5.041518E-01  1.799667E-05
  5.000000E+00  6.900000E+01  9.336832E+01  4.518219E-01  5.053732E-01  1.803477E-05
  5.000000E+00  7.000000E+01  9.286507E+01  4.527486E-01  5.065901E-01  1.807301E-05
  5.000000E+00  7.100000E+01  9.236974E+01  4.536723E-01  5.078026E-01  1.811140E-05
  5.000000E+00  7.200000E+01  9.188210E+01  4.545932E-01  5.090108E-01  1.814991E-05
  5.000000E+00  7.300000E+01  9.140193E+01  4.555114E-01  5.102148E-01  1.818856E-05
  5.000000E+00  7.400000E+01  9.092902E+01  4.564269E-01  5.114149E-01  1.822733E-05
  5.000000E+00  7.500000E+01  9.046316E+01  4.573399E-01  5.126110E-01  1.826621E-05
  5.000000E+00  7.600000E+01  9.000417E+01  4.582505E-01  5.138035E-01  1.830521E-05
  5.000000E+00  7.700000E+01  8.955184E+01  4.591587E-01  5.149923E-01  1.834432E-05
  5.000000E+00  7.800000E+01  8.910601E+01  4.600646E-01  5.161775E-01  1.838353E-05
  5.000000E+00  7.900000E+01  8.866650E+01  4.609683E-01  5.173594E-01  1.842284E-05
  5.000000E+00  8.000000E+01  8.823315E+01  4.618700E-01  5.185380E-01  1.846225E-05
  5.000000E+00  8.100000E+01  8.780579E+01  4.627695E-01  5.197134E-01  1.850175E-05
  5.000000E+00  8.200000E+01  8.738428E+01  4.636671E-01  5.208857E-01  1.854134E-05
  5.000000E+00  8.300000E+01  8.696846E+01  4.645629E-01  5.220550E-01  1.858101E-05
  5.000000E+00  8.400000E+01  8.655820E+01  4.654567E-01  5.232213E-01  1.862077E-05
  5.000000E+00  8.500000E+01  8.615336E+01  4.663489E-01  5.243849E-01  1.866060E-05
  5.000000E+00  8.600000E+01  8.575380E+01  4.672393E-01  5.255457E-01  1.870051E-05
  5.000000E+00  8.700000E+01  8.535940E+01  4.681280E-01  5.267039E-01  1.874049E-05
  5.000000E+00  8.800000E+01  8.497004E+01  4.690152E-01  5.278595E-01  1.878055E-05
  5.000000E+00  8.900000E+01  8.458559E+01  4.699008E-01  5.290126E-01  1.882066E-05
  5.000000E+00  9.000000E+01  8.420596E+01  4.707850E-01  5.301632E-01  1.886084E-05
  5.000000E+00  9.100000E+01  8.383101E+01  4.716677E-01  5.313115E-01  1.890109E-05
  5.000000E+00  9.200000E+01  8.346066E+01  4.725491E-01  5.324576E-01  1.894139E-05
  5.000000E+00  9.300000E+01  8.309479E+01  4.734291E-01  5.336014E-01  1.898174E-05
  5.000000E+00  9.400000E+01  8.273331E+01  4.743079E-01  5.347430E-01  1.902215E-05
  5.000000E+00  9.500000E+01  8.237612E+01  4.751854E-01  5.358826E-01  1.906262E-05
  5.000000E+00  9.600000E+01  8.202313E+01  4.760617E-01  5.370201E-01  1.910313E-05
  5.000000E+00  9.700000E+01  8.167425E+01  4.769369E-01  5.381557E-01  1.914369E-05
  5.000000E+00  9.800000E+01  8.132938E+01  4.778110E-01  5.392894E-01  1.918429E-05
  5.000000E+00  9.900000E+01  8.098846E+01  4.786840E-01  5.404212E-01  1.922494E-05
  5.000000E+00  1.000000E+02  8.065138E+01  4.795559E-01  5.415512E-01  1.926563E-05
  5.000000E+00  1.010000E+02  8.031809E+01  4.804269E-01  5.426794E-01  1.930636E-05
  6.000000E+00  1.000000E+00  9.422674E+02  1.937421E-01  2.001097E-01  1.036756E-04
  6.000000E+00  2.000000E+00  9.362047E+02  1.960913E-01  2.025001E-01  1.018207E-04
  6.000000E+00  3.000000E+00  9.300066E+02  1.984656E-01  2.049172E-01  9.997732E-05
  6.000000E+00  4.000000E+00  9.236630E+02  2.008670E-01  2.073629E-01  9.814404E-05
  6.000000E+00  5.000000E+00  9.171625E+02  2.032977E-01  2.098396E-01  9.631912E-05
  6.000000E+00  6.000000E+00  9.104923E+02  2.057599E-01  2.123497E-01  9.450072E-05
  6.000000E+00  7.000000E+00  9.036376E+02  2.082564E-01  2.148962E-01  9.268678E-05
  6.000000E+00  8.000000E+00  8.965815E+02  2.107903E-01  2.174824E-01  9.087502E-05
  6.000000E+00  9.000000E+00  8.893044E+02  2.133653E-01  2.201121E-01  8.906288E-05
  6.000000E+00  1.000000E+01  8.817837E+02  2.159855E-01  2.227899E-01  8.724742E-05
  6.000000E+00  1.100000E+01  8.739922E+02  2.186560E-01  2.255211E-01  8.542527E-05
  6.000000E+00  1.200000E+01  8.658980E+02  2.213827E-01  2.283119E-01  8.359250E-05
  6.000000E+00  1.300000E+01  8.574623E+02  2.241727E-01  2.311701E-01  8.174443E-05
  6.000000E+00  1.400000E+01  8.486378E+02  2.270348E-01  2.341049E-01  7.987545E-05
  6.000000E+00  1.500000E+01  8.393658E+02  2.299798E-01  2.371281E-01  7.797869E-05
  6.000000E+00  1.600000E+01  8.295718E+02  2.330214E-01  2.402540E-01  7.604558E-05
  6.000000E+00  1.700000E+01  8.191594E+02  2.361772E-01  2.435017E-01  7.406515E-05
  6.000000E+00  1.800000E+01  8.080003E+02  2.394705E-01  2.468962E-01  7.202293E-05
  6.000000E+00  1.900000E+01  7.959164E+02  2.429334E-01  2.504719E-01  6.989901E-05
  6.000000E+00  2.000000E+01  7.826482E+02  2.466124E-01  2.542787E-01  6.766451E-05
  6.000000E+00  2.100000E+01  7.677883E+02  2.505796E-01  2.583942E-01  6.527404E-05
  6.000000E+00  2.200000E+01  2.106760E+02  3.749620E-01  4.034418E-01  1.883244E-05
  6.000000E+00  2.300000E+01  2.025467E+02  3.787488E-01  4.083716E-01  1.860583E-05
  6.000000E+00  2.400000E+01  1.960560E+02  3.819325E-01  4.125360E-01  1.844153E-05
  6.000000E+00  2.500000E+01  1.906061E+02  3.847318E-01  4.162103E-01  1.831604E-05
  6.000000E+00  2.600000E+01  1.858870E+02  3.872597E-01  4.195373E-01  1.821732E-05
  6.000000E+00  2.700000E+01  1.817139E+02  3.895836E-01  4.226025E-01  1.813829E-05
  6.000000E+00  2.800000E+01  1.779666E+02  3.917476E-01  4.254618E-01  1.807437E-05
  6.000000E+00  2.900000E+01  1.745617E+02  3.937824E-01  4.281542E-01  1.802245E-05
  6.000000E+00  3.000000E+01  1.714392E+02  3.957103E-01  4.307081E-01  1.798029E-05
  6.000000E+00  3.100000E+01  1.685537E+02  3.975479E-01  4.331449E-01  1.794622E-05
  6.000000E+00  3.200000E+01  1.658707E+02  3.993083E-01  4.354811E-01  1.791898E-05
  6.000000E+00  3.300000E+01  1.633625E+02  4.010018E-01  4.377299E-01  1.789757E-05
  6.000000E+00  3.400000E+01  1.610072E+02  4.026365E-01  4.399020E-01  1.788121E-05
  6.000000E+00  3.500000E+01  1.587867E+02  4.042195E-01  4.420060E-01  1.786924E-05
  6.000000E+00  3.600000E+01  1.566862E+02  4.057561E-01  4.440492E-01  1.786115E-05
  6.000000E+00  3.700000E+01  1.546931E+02  4.072513E-01  4.460378E-01  1.785649E-05
  6.000000E+00  3.800000E+01  1.527969E+02  4.087091E-01  4.479769E-01  1.785489E-05
  6.000000E+00  3.900000E+01  1.509884E+02  4.101328E-01  4.498710E-01  1.785605E-05
  6.000000E+00  4.000000E+01  1.492598E+02  4.115255E-01  4.517239E-01  1.785969E-05
  6.000000E+00  4.100000E+01  1.476044E+02  4.128899E-01  4.535391E-01  1.786558E-05
  6.000000E+00  4.200000E+01  1.460162E+02  4.142281E-01  4.553194E-01  1.787352E-05
  6.000000E+00  4.300000E+01  1.444899E+02  4.155422E-01  4.570676E-01  1.788333E-05
  6.000000E+00  4.400000E+01  1.430210E+02  4.168341E-01  4.587859E-01  1.789485E-05
  6.000000E+00  4.500000E+01  1.416053E+02  4.181052E-01  4.604765E-01  1.790796E-05
  6.000000E+00  4.600000E+01  1.402391E+02  4.193570E-01  4.621411E-01  1.792253E-05
  6.000000E+00  4.700000E+01  1.389191E+02  4.205909E-01  4.637815E-01  1.793844E-05
  6.000000E+00  4.800000E+01  1.376423E+02  4.218080E-01  4.653992E-01  1.795560E-05
  6.000000E+00  4.900000E+01  1.364061E+02  4.230093E-01  4.669956E-01  1.797393E-05
  6.000000E+00  5.000000E+01  1.352079E+02  4.241958E-01  4.685719E-01  1.799334E-05
  6.000000E+00  5.100000E+01  1.340456E+02  4.253684E-01  4.701293E-01  1.801376E-05
  6.000000E+00  5.200000E+01  1.329171E+02  4.265279E-01  4.716688E-01  1.803513E-05
  6.000000E+00  5.300000E+01  1.318206E+02  4.276750E-01  4.731914E-01  1.805738E-05
  6.000000E+00  5.400000E+01  1.307542E+02  4.288105E-01  4.746981E-01  1.808046E-05
  6.000000E+00  5.500000E+01  1.297165E+02  4.299349E-01  4.761896E-01  1.810433E-05
  6.000000E+00  5.600000E+01  1.287060E+02  4.310489E-01  4.776667E-01  1.812893E-05
  6.000000E+00  5.700000E+01  1.277214E+02  4.321529E-01  4.791301E-01  1.815423E-05
  6.000000E+00  5.800000E+01  1.267613E+02  4.332475E-01  4.805805E-01  1.818018E-05
  6.000000E+00  5.900000E+01  1.258247E+02  4.343331E-01  4.820185E-01  1.820675E-05
  6.000000E+00  6.000000E+01  1.249104E+02  4.354103E-01  4.834447E-01  1.823391E-05
  6.000000E+00  6.100000E+01  1.240175E+02  4.364793E-01  4.848595E-01  1.826162E-05
  6.000000E+00  6.200000E+01  1.231450E+02  4.375405E-01  4.862636E-01  1.828986E-05
  6.000000E+00  6.300000E+01  1.222920E+02  4.385944E-01  4.876573E-01  1.831859E-05
  6.000000E+00  6.400000E+01  1.214578E+02  4.396413E-01  4.890412E-01  1.834780E-05
  6.000000E+00  6.500000E+01  1.206415E+02  4.406814E-01  4.904155E-01  1.837746E-05
  6.000000E+00  6.600000E+01  1.198424E+02  4.417151E-01  4.917808E-01  1.840755E-05
  6.000000E+00  6.700000E+01  1.190598E+02  4.427426E-01  4.931374E-01  1.843805E-05
  6.000000E+00  6.800000E+01  1.182932E+02  4.437642E-01  4.944856E-01  1.846893E-05
  6.000000E+00  6.900000E+01  1.175419E+02  4.447801E-01  4.958258E-01  1.850019E-05
  6.000000E+00  7.000000E+01  1.168053E+02  4.457906E-01  4.971582E-01  1.853181E-05
  6.000000E+00  7.100000E+01  1.160828E+02  4.467959E-01  4.984832E-01  1.856376E-05
  6.000000E+00  7.200000E+01  1.153741E+02  4.477963E-01  4.998010E-01  1.859603E-05
  6.000000E+00  7.300000E+01  1.146785E+02  4.487918E-01  5.011119E-01  1.862862E-05
  6.000000E+00  7.400000E+01  1.139957E+02  4.497827E-01  5.024162E-01  1.866150E-05
  6.000000E+00  7.500000E+01  1.133252E+02  4.507691E-01  5.037141E-01  1.869466E-05
  6.000000E+00  7.600000E+01  1.126666E+02  4.517513E-01  5.050058E-01  1.872809E-05
  6.000000E+00  7.700000E+01  1.120195E+02  4.527294E-01  5.062915E-01  1.876179E-05
  6.000000E+00  7.800000E+01  1.113836E+02  4.537036E-01  5.075715E-01  1.879573E-05
  6.000000E+00  7.900000E+01  1.107584E+02  4.546739E-01  5.088459E-01  1.882992E-05
  6.000000E+00  8.000000E+01  1.101436E+02  4.556406E-01  5.101149E-01  1.886433E-05
  6.000000E+00  8.100000E+01  1.095390E+02  4.566038E-01  5.113788E-01  1.889896E-05
  6.000000E+00  8.200000E+01  1.089441E+02  4.575635E-01  5.126376E-01  1.893380E-05
  6.000000E+00  8.300000E+01  1.083588E+02  4.585199E-01  5.138915E-01  1.896885E-05
  6.000000E+00  8.400000E+01  1.077827E+02  4.594732E-01  5.151408E-01  1.900409E-05
  6.000000E+00  8.500000E+01  1.072156E+02  4.604235E-01  5.163855E-01  1.903952E-05
  6.000000E+00  8.600000E+01  1.066571E+02  4.613708E-01  5.176258E-01  1.907513E-05
  6.000000E+00  8.700000E+01  1.061072E+02  4.623152E-01  5.188618E-01  1.911091E-05
  6.000000E+00  8.800000E+01  1.055654E+02  4.632569E-01  5.200937E-01  1.914686E-05
  6.000000E+00  8.900000E+01  1.050317E+02  4.641959E-01  5.213216E-01  1.918297E-05
  6.000000E+00  9.000000E+01  1.045057E+02  4.651324E-01  5.225455E-01  1.921924E-05
  6.000000E+00  9.100000E+01  1.039873E+02  4.660664E-01  5.237658E-01  1.925565E-05
  6.000000E+00  9.200000E+01  1.034763E+02  4.669980E-01  5.249823E-01  1.929221E-05
  6.000000E+00  9.300000E+01  1.029725E+02  4.679273E-01  5.261954E-01  1.932890E-05
  6.000000E+00  9.400000E+01  1.024756E+02  4.688544E-01  5.274049E-01  1.936573E-05
  6.000000E+00  9.500000E+01  1.019856E+02  4.697793E-01  5.286112E-01  1.940268E-05
  6.000000E+00  9.600000E+01  1.015022E+02  4.707022E-01  5.298142E-01  1.943976E-05
  6.000000E+00  9.700000E+01  1.010252E+02  4.716230E-01  5.310141E-01  1.947695E-05
  6.000000E+00  9.800000E+01  1.005546E+02  4.725418E-01  5.322109E-01  1.951427E-05
  6.000000E+00  9.900000E+01  1.000902E+02  4.734588E-01  5.334047E-01  1.955169E-05
  6.000000E+00  1.000000E+02  9.963180E+01  4.743740E-01  5.345957E-01  1.958921E-05
  6.000000E+00  1.010000E+02  9.917927E+01  4.752873E-01  5.357839E-01  1.962684E-05
  7.000000E+00  1.000000E+00  9.496594E+02  1.920045E-01  1.993755E-01  1.059288E-04
  7.000000E+00  2.000000E+00  9.439014E+02  1.942903E-01  2.017064E-01  1.041090E-04
  7.000000E+00  3.000000E+00  9.380319E+02  1.965968E-01  2.040592E-01  1.023039E-04
  7.000000E+00  4.000000E+00  9.320437E+02  1.989251E-01  2.064355E-01  1.005123E-04
  7.000000E+00  5.000000E+00  9.259289E+02  2.012769E-01  2.088368E-01  9.873307E-05
  7.000000E+00  6.000000E+00  9.196786E+02  2.036536E-01  2.112650E-01  9.696473E-05
  7.000000E+00  7.000000E+00  9.132831E+02  2.060572E-01  2.137219E-01  9.520586E-05
  7.000000E+00  8.000000E+00  9.067313E+02  2.084897E-01  2.162098E-01  9.345490E-05
  7.000000E+00  9.000000E+00  9.000106E+02  2.109534E-01  2.187311E-01  9.171015E-05
  7.000000E+00  1.000000E+01  8.931069E+02  2.134510E-01  2.212888E-01  8.996972E-05
  7.000000E+00  1.100000E+01  8.860041E+02  2.159854E-01  2.238860E-01  8.823153E-05
  7.000000E+00  1.200000E+01  8.786833E+02  2.185600E-01  2.265265E-01  8.649325E-05
  7.000000E+00  1.300000E+01  8.711230E+02  2.211791E-01  2.292147E-01  8.475223E-05
  7.000000E+00  1.400000E+01  8.632978E+02  2.238472E-01  2.319556E-01  8.300546E-05
  7.000000E+00  1.500000E+01  8.551777E+02  2.265699E-01  2.347553E-01  8.124946E-05
  7.000000E+00  1.600000E+01  8.467272E+02  2.293539E-01  2.376210E-01  7.948017E-05
  7.000000E+00  1.700000E+01  8.379032E+02  2.322071E-01  2.405613E-01  7.769279E-05
  7.000000E+00  1.800000E+01  8.286534E+02  2.351393E-01  2.435867E-01  7.588160E-05
  7.000000E+00  1.900000E+01  8.189129E+02  2.381623E-01  2.467102E-01  7.403961E-05
  7.000000E+00  2.000000E+01  8.086000E+02  2.412911E-01  2.499481E-01  7.215822E-05
  7.000000E+00  2.100000E+01  7.976095E+02  2.445449E-01  2.533211E-01  7.022645E-05
  7.000000E+00  2.200000E+01  7.858016E+02  2.479489E-01  2.568570E-01  6.822992E-05
  7.000000E+00  2.300000E+01  7.729832E+02  2.515378E-01  2.605937E-01  6.614888E-05
  7.000000E+00  2.400000E+01  7.588729E+02  2.553618E-01  2.645860E-01  6.395467E-05
  7.000000E+00  2.500000E+01  7.430306E+02  2.594991E-01  2.689200E-01  6.160244E-05
  7.000000E+00  2.600000E+01  7.246955E+02  2.640842E-01  2.737435E-01  5.901468E-05
  7.000000E+00  2.700000E+01  7.023425E+02  2.693852E-01  2.793518E-01  5.603667E-05
  7.000000E+00  2.800000E+01  6.719748E+02  2.760979E-01  2.865150E-01  5.226737E-05
  7.000000E+00  2.900000E+01  2.902873E+02  3.583003E-01  3.824144E-01  2.237447E-05
  7.000000E+00  3.000000E+01  2.665602E+02  3.664547E-01  3.927151E-01  2.137143E-05
  7.000000E+00  3.100000E+01  2.522196E+02  3.718115E-01  3.995651E-01  2.082430E-05
  7.000000E+00  3.200000E+01  2.416578E+02  3.760167E-01  4.049833E-01  2.045325E-05
  7.000000E+00  3.300000E+01  2.332188E+02  3.795632E-01  4.095780E-01  2.017811E-05
  7.000000E+00  3.400000E+01  2.261593E+02  3.826754E-01  4.136270E-01  1.996377E-05
  7.000000E+00  3.500000E+01  2.200759E+02  3.854765E-01  4.172837E-01  1.979151E-05
  7.000000E+00  3.600000E+01  2.147229E+02  3.880424E-01  4.206425E-01  1.965013E-05
  7.000000E+00  3.700000E+01  2.099389E+02  3.904234E-01  4.237664E-01  1.953238E-05
  7.000000E+00  3.800000E+01  2.056115E+02  3.926548E-01  4.266996E-01  1.943328E-05
  7.000000E+00  3.900000E+01  2.016595E+02  3.947624E-01  4.294743E-01  1.934930E-05
  7.000000E+00  4.000000E+01  1.980219E+02  3.967655E-01  4.321152E-01  1.927778E-05
  7.000000E+00  4.100000E+01  1.946516E+02  3.986793E-01  4.346410E-01  1.921673E-05
  7.000000E+00  4.200000E+01  1.915118E+02  4.005157E-01  4.370670E-01  1.916458E-05
  7.000000E+00  4.300000E+01  1.885726E+02  4.022843E-01  4.394053E-01  1.912009E-05
  7.000000E+00  4.400000E+01  1.858099E+02  4.039930E-01  4.416660E-01  1.908225E-05
  7.000000E+00  4.500000E+01  1.832037E+02  4.056484E-01  4.438572E-01  1.905025E-05
  7.000000E+00  4.600000E+01  1.807372E+02  4.072559E-01  4.459862E-01  1.902341E-05
  7.000000E+00  4.700000E+01  1.783964E+02  4.088203E-01  4.480587E-01  1.900114E-05
  7.000000E+00  4.800000E+01  1.761690E+02  4.103455E-01  4.500800E-01  1.898298E-05
  7.000000E+00  4.900000E+01  1.740448E+02  4.118350E-01  4.520545E-01  1.896850E-05
  7.000000E+00  5.000000E+01  1.720146E+02  4.132919E-01  4.539861E-01  1.895736E-05
  7.000000E+00  5.100000E+01  1.700706E+02  4.147188E-01  4.558782E-01  1.894924E-05
  7.000000E+00  5.200000E+01  1.682060E+02  4.161180E-01  4.577337E-01  1.894388E-05
  7.000000E+00  5.300000E+01  1.664146E+02  4.174917E-01  4.595553E-01  1.894103E-05
  7.000000E+00  5.400000E+01  1.646909E+02  4.188417E-01  4.613455E-01  1.894050E-05
  7.000000E+00  5.500000E+01  1.630302E+02  4.201696E-01  4.631064E-01  1.894210E-05
  7.000000E+00  5.600000E+01  1.614281E+02  4.214769E-01  4.648399E-01  1.894566E-05
  7.000000E+00  5.700000E+01  1.598807E+02  4.227651E-01  4.665477E-01  1.895105E-05
  7.000000E+00  5.800000E+01  1.583845E+02  4.240352E-01  4.682315E-01  1.895812E-05
  7.000000E+00  5.900000E+01  1.569364E+02  4.252885E-01  4.698926E-01  1.896676E-05
  7.000000E+00  6.000000E+01  1.555333E+02  4.265259E-01  4.715324E-01  1.897686E-05
  7.000000E+00  6.100000E+01  1.541728E+02  4.277484E-01  4.731520E-01  1.898833E-05
  7.000000E+00  6.200000E+01  1.528523E+02  4.289568E-01  4.747527E-01  1.900107E-05
  7.000000E+00  6.300000E+01  1.515696E+02  4.301519E-01  4.763353E-01  1.901502E-05
  7.000000E+00  6.400000E+01  1.503228E+02  4.313345E-01  4.779009E-01  1.903008E-05
  7.000000E+00  6.500000E+01  1.491100E+02  4.325051E-01  4.794503E-01  1.904621E-05
  7.000000E+00  6.600000E+01  1.479293E+02  4.336644E-01  4.809843E-01  1.906333E-05
  7.000000E+00  6.700000E+01  1.467793E+02  4.348131E-01  4.825037E-01  1.908139E-05
  7.000000E+00  6.800000E+01  1.456585E+02  4.359515E-01  4.840091E-01  1.910033E-05
  7.000000E+00  6.900000E+01  1.445654E+02  4.370802E-01  4.855012E-01  1.912011E-05
  7.000000E+00  7.000000E+01  1.434987E+02  4.381997E-01  4.869806E-01  1.914069E-05
  7.000000E+00  7.100000E+01  1.424574E+02  4.393104E-01  4.884479E-01  1.916201E-05
  7.000000E+00  7.200000E+01  1.414402E+02  4.404126E-01  4.899035E-01  1.918405E-05
  7.000000E+00  7.300000E+01  1.404462E+02  4.415069E-01  4.913480E-01  1.920677E-05
  7.000000E+00  7.400000E+01  1.394743E+02  4.425935E-01  4.927819E-01  1.923012E-05
  7.000000E+00  7.500000E+01  1.385236E+02  4.436727E-01  4.942056E-01  1.925409E-05
  7.000000E+00  7.600000E+01  1.375934E+02  4.447449E-01  4.956194E-01  1.927864E-05
  7.000000E+00  7.700000E+01  1.366826E+02  4.458104E-01  4.970239E-01  1.930375E-05
  7.000000E+00  7.800000E+01  1.357907E+02  4.468694E-01  4.984193E-01  1.932938E-05
  7.000000E+00  7.900000E+01  1.349169E+02  4.479222E-01  4.998060E-01  1.935552E-05
  7.000000E+00  8.000000E+01  1.340605E+02  4.489691E-01  5.011844E-01  1.938214E-05
  7.000000E+00  8.100000E+01  1.332208E+02  4.500103E-01  5.025546E-01  1.940922E-05
  7.000000E+00  8.200000E+01  1.323973E+02  4.510460E-01  5.039172E-01  1.943674E-05
  7.000000E+00  8.300000E+01  1.315894E+02  4.520764E-01  5.052722E-01  1.946468E-05
  7.000000E+00  8.400000E+01  1.307965E+02  4.531018E-01  5.066200E-01  1.949303E-05
  7.000000E+00  8.500000E+01  1.300181E+02  4.541223E-01  5.079609E-01  1.952176E-05
  7.000000E+00  8.600000E+01  1.292538E+02  4.551381E-01  5.092951E-01  1.955086E-05
  7.000000E+00  8.700000E+01  1.285030E+02  4.561493E-01  5.106227E-01  1.958032E-05
  7.000000E+00  8.800000E+01  1.277654E+02  4.571562E-01  5.119441E-01  1.961012E-05
  7.000000E+00  8.900000E+01  1.270405E+02  4.581589E-01  5.132595E-01  1.964024E-05
  7.000000E+00  9.000000E+01  1.263278E+02  4.591575E-01  5.145689E-01  1.967068E-05
  7.000000E+00  9.100000E+01  1.256271E+02  4.601523E-01  5.158727E-01  1.970143E-05
  7.000000E+00  9.200000E+01  1.249379E+02  4.611432E-01  5.171711E-01  1.973246E-05
  7.000000E+00  9.300000E+01  1.242599E+02  4.621306E-01  5.184641E-01  1.976377E-05
  7.000000E+00  9.400000E+01  1.235928E+02  4.631144E-01  5.197520E-01  1.979534E-05
  7.000000E+00  9.500000E+01  1.229362E+02  4.640948E-01  5.210349E-01  1.982718E-05
  7.000000E+00  9.600000E+01  1.222899E+02  4.650719E-01  5.223130E-01  1.985927E-05
  7.000000E+00  9.700000E+01  1.216535E+02  4.660459E-01  5.235864E-01  1.989159E-05
  7.000000E+00  9.800000E+01  1.210268E+02  4.670168E-01  5.248552E-01  1.992415E-05
  7.000000E+00  9.900000E+01  1.204094E+02  4.679847E-01  5.261197E-01  1.995692E-05
  7.000000E+00  1.000000E+02  1.198012E+02  4.689498E-01  5.273799E-01  1.998991E-05
  7.000000E+00  1.010000E+02  1.192019E+02  4.699121E-01  5.286360E-01  2.002311E-05
  8.000000E+00  1.000000E+00  9.565313E+02  1.903781E-01  1.987416E-01  1.080824E-04
  8.000000E+00  2.000000E+00  9.510302E+02  1.926100E-01  2.010220E-01  1.062902E-04
  8.000000E+00  3.000000E+00  9.454354E+02  1.948591E-01  2.033208E-01  1.045149E-04
  8.000000E+00  4.000000E+00  9.397415E+02  1.971263E-01  2.056393E-01  1.027556E-04
  8.000000E+00  5.000000E+00  9.339428E+02  1.994126E-01  2.079785E-01  1.010114E-04
  8.000000E+00  6.000000E+00  9.280330E+02  2.017193E-01  2.103397E-01  9.928107E-05
  8.000000E+00  7.000000E+00  9.220052E+02  2.040476E-01  2.127244E-01  9.756361E-05
  8.000000E+00  8.000000E+00  9.158518E+02  2.063990E-01  2.151340E-01  9.585782E-05
  8.000000E+00  9.000000E+00  9.095642E+02  2.087749E-01  2.175703E-01  9.416248E-05
  8.000000E+00  1.000000E+01  9.031331E+02  2.111771E-01  2.200352E-01  9.247625E-05
  8.000000E+00  1.100000E+01  8.965480E+02  2.136077E-01  2.225308E-01  9.079771E-05
  8.000000E+00  1.200000E+01  8.897969E+02  2.160687E-01  2.250595E-01  8.912531E-05
  8.000000E+00  1.300000E+01  8.828665E+02  2.185627E-01  2.276241E-01  8.745736E-05
  8.000000E+00  1.400000E+01  8.757414E+02  2.210926E-01  2.302277E-01  8.579198E-05
  8.000000E+00  1.500000E+01  8.684044E+02  2.236616E-01  2.328739E-01  8.412709E-05
  8.000000E+00  1.600000E+01  8.608354E+02  2.262735E-01  2.355668E-01  8.246038E-05
  8.000000E+00  1.700000E+01  8.530111E+02  2.289325E-01  2.383111E-01  8.078923E-05
  8.000000E+00  1.800000E+01  8.449047E+02  2.316438E-01  2.411124E-01  7.911068E-05
  8.000000E+00  1.900000E+01  8.364844E+02  2.344133E-01  2.439772E-01  7.742135E-05
  8.000000E+00  2.000000E+01  8.277130E+02  2.372480E-01  2.469132E-01  7.571734E-05
  8.000000E+00  2.100000E+01  8.185459E+02  2.401560E-01  2.499294E-01  7.399414E-05
  8.000000E+00  2.200000E+01  8.089295E+02  2.431472E-01  2.530368E-01  7.224644E-05
  8.000000E+00  2.300000E+01  7.987984E+02  2.462337E-01  2.562487E-01  7.046789E-05
  8.000000E+00  2.400000E+01  7.880713E+02  2.494302E-01  2.595816E-01  6.865077E-05
  8.000000E+00  2.500000E+01  7.766447E+02  2.527555E-01  2.630562E-01  6.678536E-05
  8.000000E+00  2.600000E+01  7.643829E+02  2.562342E-01  2.667002E-01  6.485904E-05
  8.000000E+00  2.700000E+01  7.511008E+02  2.598998E-01  2.705508E-01  6.285468E-05
  8.000000E+00  2.800000E+01  7.365349E+02  2.637999E-01  2.746616E-01  6.074790E-05
  8.000000E+00  2.900000E+01  7.202879E+02  2.680065E-01  2.791131E-01  5.850213E-05
  8.000000E+00  3.000000E+01  7.017221E+02  2.726350E-01  2.840355E-01  5.605927E-05
  8.000000E+00  3.100000E+01  6.797267E+02  2.778866E-01  2.896560E-01  5.332017E-05
  8.000000E+00  3.200000E+01  6.521224E+02  2.841573E-01  2.964249E-01  5.009661E-05
  8.000000E+00  3.300000E+01  6.136784E+02  2.924074E-01  3.054436E-01  4.595805E-05
  8.000000E+00  3.400000E+01  5.464688E+02  3.060521E-01  3.206915E-01  3.956135E-05
  8.000000E+00  3.500000E+01  4.190865E+02  3.332024E-01  3.522916E-01  2.984247E-05
  8.000000E+00  3.600000E+01  3.547470E+02  3.496808E-01  3.722321E-01  2.598844E-05
  8.000000E+00  3.700000E+01  3.240224E+02  3.586517E-01  3.833413E-01  2.439727E-05
  8.000000E+00  3.800000E+01  3.041440E+02  3.649677E-01  3.912710E-01  2.346006E-05
  8.000000E+00  3.900000E+01  2.894914E+02  3.699449E-01  3.975795E-01  2.281934E-05
  8.000000E+00  4.000000E+01  2.778971E+02  3.741140E-01  4.029016E-01  2.234477E-05
  8.000000E+00  4.100000E+01  2.683078E+02  3.777407E-01  4.075572E-01  2.197545E-05
  8.000000E+00  4.200000E+01  2.601343E+02  3.809770E-01  4.117303E-01  2.167835E-05
  8.000000E+00  4.300000E+01  2.530139E+02  3.839180E-01  4.155369E-01  2.143362E-05
  8.000000E+00  4.400000E+01  2.467076E+02  3.866276E-01  4.190546E-01  2.122850E-05
  8.000000E+00  4.500000E+01  2.410497E+02  3.891503E-01  4.223385E-01  2.105429E-05
  8.000000E+00  4.600000E+01  2.359204E+02  3.915191E-01  4.254288E-01  2.090483E-05
  8.000000E+00  4.700000E+01  2.312305E+02  3.937584E-01  4.283559E-01  2.077558E-05
  8.000000E+00  4.800000E+01  2.269115E+02  3.958875E-01  4.311435E-01  2.066313E-05
  8.000000E+00  4.900000E+01  2.229098E+02  3.979214E-01  4.338103E-01  2.056483E-05
  8.000000E+00  5.000000E+01  2.191829E+02  3.998722E-01  4.363714E-01  2.047862E-05
  8.000000E+00  5.100000E+01  2.156959E+02  4.017498E-01  4.388391E-01  2.040282E-05
  8.000000E+00  5.200000E+01  2.124205E+02  4.035626E-01  4.412237E-01  2.033608E-05
  8.000000E+00  5.300000E+01  2.093329E+02  4.053173E-01  4.435340E-01  2.027729E-05
  8.000000E+00  5.400000E+01  2.064133E+02  4.070199E-01  4.457771E-01  2.022553E-05
  8.000000E+00  5.500000E+01  2.036447E+02  4.086753E-01  4.479594E-01  2.018001E-05
  8.000000E+00  5.600000E+01  2.010127E+02  4.102879E-01  4.500864E-01  2.014008E-05
  8.000000E+00  5.700000E+01  1.985047E+02  4.118613E-01  4.521626E-01  2.010517E-05
  8.000000E+00  5.800000E+01  1.961100E+02  4.133990E-01  4.541924E-01  2.007479E-05
  8.000000E+00  5.900000E+01  1.938190E+02  4.149037E-01  4.561793E-01  2.004853E-05
  8.000000E+00  6.000000E+01  1.916234E+02  4.163780E-01  4.581265E-01  2.002601E-05
  8.000000E+00  6.100000E+01  1.895159E+02  4.178242E-01  4.600370E-01  2.000692E-05
  8.000000E+00  6.200000E+01  1.874898E+02  4.192443E-01  4.619133E-01  1.999097E-05
  8.000000E+00  6.300000E+01  1.855393E+02  4.206401E-01  4.637576E-01  1.997790E-05
  8.000000E+00  6.400000E+01  1.836592E+02  4.220133E-01  4.655722E-01  1.996750E-05
  8.000000E+00  6.500000E+01  1.818448E+02  4.233653E-01  4.673588E-01  1.995956E-05
  8.000000E+00  6.600000E+01  1.800918E+02  4.246975E-01  4.691193E-01  1.995390E-05
  8.000000E+00  6.700000E+01  1.783964E+02  4.260111E-01  4.708550E-01  1.995037E-05
  8.000000E+00  6.800000E+01  1.767550E+02  4.273072E-01  4.725676E-01  1.994882E-05
  8.000000E+00  6.900000E+01  1.751645E+02  4.285868E-01  4.742582E-01  1.994911E-05
  8.000000E+00  7.000000E+01  1.736220E+02  4.298509E-01  4.759280E-01  1.995112E-05
  8.000000E+00  7.100000E+01  1.721247E+02  4.311003E-01  4.775782E-01  1.995475E-05
  8.000000E+00  7.200000E+01  1.706703E+02  4.323358E-01  4.792098E-01  1.995990E-05
  8.000000E+00  7.300000E+01  1.692564E+02  4.335582E-01  4.808238E-01  1.996646E-05
  8.000000E+00  7.400000E+01  1.678810E+02  4.347681E-01  4.824209E-01  1.997437E-05
  8.000000E+00  7.500000E+01  1.665421E+02  4.359661E-01  4.840020E-01  1.998355E-05
  8.000000E+00  7.600000E+01  1.652380E+02  4.371528E-01  4.855678E-01  1.999391E-05
  8.000000E+00  7.700000E+01  1.639669E+02  4.383288E-01  4.871191E-01  2.000540E-05
  8.000000E+00  7.800000E+01  1.627274E+02  4.394946E-01  4.886565E-01  2.001796E-05
  8.000000E+00  7.900000E+01  1.615180E+02  4.406506E-01  4.901807E-01  2.003153E-05
  8.000000E+00  8.000000E+01  1.603373E+02  4.417973E-01  4.916921E-01  2.004605E-05
  8.000000E+00  8.100000E+01  1.591841E+02  4.429351E-01  4.931913E-01  2.006148E-05
  8.000000E+00  8.200000E+01  1.580573E+02  4.440643E-01  4.946789E-01  2.007777E-05
  8.000000E+00  8.300000E+01  1.569556E+02  4.451855E-01  4.961553E-01  2.009489E-05
  8.000000E+00  8.400000E+01  1.558781E+02  4.462988E-01  4.976210E-01  2.011278E-05
  8.000000E+00  8.500000E+01  1.548238E+02  4.474047E-01  4.990763E-01  2.013142E-05
  8.000000E+00  8.600000E+01  1.537918E+02  4.485034E-01  5.005217E-01  2.015077E-05
  8.000000E+00  8.700000E+01  1.527812E+02  4.495952E-01  5.019576E-01  2.017079E-05
  8.000000E+00  8.800000E+01  1.517912E+02  4.506804E-01  5.033843E-01  2.019146E-05
  8.000000E+00  8.900000E+01  1.508211E+02  4.517592E-01  5.048022E-01  2.021275E-05
  8.000000E+00  9.000000E+01  1.498700E+02  4.528320E-01  5.062115E-01  2.023463E-05
  8.000000E+00  9.100000E+01  1.489374E+02  4.538988E-01  5.076127E-01  2.025707E-05
  8.000000E+00  9.200000E+01  1.480225E+02  4.549601E-01  5.090059E-01  2.028005E-05
  8.000000E+00  9.300000E+01  1.471248E+02  4.560159E-01  5.103915E-01  2.030356E-05
  8.000000E+00  9.400000E+01  1.462436E+02  4.570664E-01  5.117696E-01  2.032756E-05
  8.000000E+00  9.500000E+01  1.453784E+02  4.581119E-01  5.131407E-01  2.035203E-05
  8.000000E+00  9.600000E+01  1.445287E+02  4.591525E-01  5.145049E-01  2.037696E-05
  8.000000E+00  9.700000E+01  1.436940E+02  4.601885E-01  5.158624E-01  2.040233E-05
  8.000000E+00  9.800000E+01  1.428737E+02  4.612199E-01  5.172134E-01  2.042813E-05
  8.000000E+00  9.900000E+01  1.420674E+02  4.622469E-01  5.185582E-01  2.045432E-05
  8.000000E+00  1.000000E+02  1.412748E+02  4.632698E-01  5.198970E-01  2.048091E-05
  8.000000E+00  1.010000E+02  1.404952E+02  4.642885E-01  5.212299E-01  2.050787E-05
  9.000000E+00  1.000000E+00  9.629669E+02  1.888463E-01  1.981924E-01  1.101525E-04
  9.000000E+00  2.000000E+00  9.576867E+02  1.910316E-01  2.004292E-01  1.083823E-04
  9.000000E+00  3.000000E+00  9.523263E+02  1.932313E-01  2.026818E-01  1.066307E-04
  9.000000E+00  4.000000E+00  9.468819E+02  1.954462E-01  2.049511E-01  1.048969E-04
  9.000000E+00  5.000000E+00  9.413489E+02  1.976771E-01  2.072378E-01  1.031801E-04
  9.000000E+00  6.000000E+00  9.357229E+02  1.999248E-01  2.095430E-01  1.014794E-04
  9.000000E+00  7.000000E+00  9.299988E+02  2.021903E-01  2.118677E-01  9.979389E-05
  9.000000E+00  8.000000E+00  9.241711E+02  2.044746E-01  2.142130E-01  9.812271E-05
  9.000000E+00  9.000000E+00  9.182338E+02  2.067788E-01  2.165802E-01  9.646486E-05
  9.000000E+00  1.000000E+01  9.121802E+02  2.091041E-01  2.189705E-01  9.481934E-05
  9.000000E+00  1.100000E+01  9.060033E+02  2.114518E-01  2.213855E-01  9.318508E-05
  9.000000E+00  1.200000E+01  8.996949E+02  2.138235E-01  2.238268E-01  9.156097E-05
  9.000000E+00  1.300000E+01  8.932463E+02  2.162207E-01  2.262963E-01  8.994580E-05
  9.000000E+00  1.400000E+01  8.866475E+02  2.186454E-01  2.287960E-01  8.833830E-05
  9.000000E+00  1.500000E+01  8.798875E+02  2.210996E-01  2.313281E-01  8.673706E-05
  9.000000E+00  1.600000E+01  8.729539E+02  2.235856E-01  2.338954E-01  8.514060E-05
  9.000000E+00  1.700000E+01  8.658327E+02  2.261061E-01  2.365007E-01  8.354725E-05
  9.000000E+00  1.800000E+01  8.585082E+02  2.286641E-01  2.391474E-01  8.195523E-05
  9.000000E+00  1.900000E+01  8.509622E+02  2.312629E-01  2.418392E-01  8.036256E-05
  9.000000E+00  2.000000E+01  8.431744E+02  2.339065E-01  2.445804E-01  7.876705E-05
  9.000000E+00  2.100000E+01  8.351213E+02  2.365992E-01  2.473761E-01  7.716630E-05
  9.000000E+00  2.200000E+01  8.267761E+02  2.393460E-01  2.502317E-01  7.555764E-05
  9.000000E+00  2.300000E+01  8.181078E+02  2.421528E-01  2.531538E-01  7.393806E-05
  9.000000E+00  2.400000E+01  8.090803E+02  2.450262E-01  2.561499E-01  7.230423E-05
  9.000000E+00  2.500000E+01  7.996516E+02  2.479738E-01  2.592287E-01  7.065235E-05
  9.000000E+00  2.600000E+01  7.897718E+02  2.510050E-01  2.624007E-01  6.897802E-05
  9.000000E+00  2.700000E+01  7.793810E+02  2.541305E-01  2.656781E-01  6.727610E-05
  9.000000E+00  2.800000E+01  7.684060E+02  2.573640E-01  2.690765E-01  6.554036E-05
  9.000000E+00  2.900000E+01  7.567549E+02  2.607222E-01  2.726151E-01  6.376309E-05
  9.000000E+00  3.000000E+01  7.443094E+02  2.642270E-01  2.763187E-01  6.193440E-05
  9.000000E+00  3.100000E+01  7.309136E+02  2.679074E-01  2.802208E-01  6.004129E-05
  9.000000E+00  3.200000E+01  7.163561E+02  2.718028E-01  2.843664E-01  5.806634E-05
  9.000000E+00  3.300000E+01  7.003444E+02  2.759679E-01  2.888187E-01  5.598596E-05
  9.000000E+00  3.400000E+01  6.824659E+02  2.804800E-01  2.936675E-01  5.376803E-05
  9.000000E+00  3.500000E+01  6.621303E+02  2.854504E-01  2.990429E-01  5.136898E-05
  9.000000E+00  3.600000E+01  6.384817E+02  2.910423E-01  3.051383E-01  4.873040E-05
  9.000000E+00  3.700000E+01  6.102965E+02  2.974954E-01  3.122423E-01  4.577867E-05
  9.000000E+00  3.800000E+01  5.759330E+02  3.051551E-01  3.207819E-01  4.243633E-05
  9.000000E+00  3.900000E+01  5.336093E+02  3.144738E-01  3.313401E-01  3.866756E-05
  9.000000E+00  4.000000E+01  4.855014E+02  3.252445E-01  3.437821E-01  3.480585E-05
  9.000000E+00  4.100000E+01  4.401951E+02  3.359135E-01  3.563590E-01  3.154938E-05
  9.000000E+00  4.200000E+01  4.034974E+02  3.451548E-01  3.674598E-01  2.917055E-05
  9.000000E+00  4.300000E+01  3.757908E+02  3.526392E-01  3.765887E-01  2.752783E-05
  9.000000E+00  4.400000E+01  3.544876E+02  3.587772E-01  3.841659E-01  2.635643E-05
  9.000000E+00  4.500000E+01  3.375143E+02  3.639584E-01  3.906240E-01  2.548217E-05
  9.000000E+00  4.600000E+01  3.235627E+02  3.684458E-01  3.962611E-01  2.480448E-05
  9.000000E+00  4.700000E+01  3.118024E+02  3.724140E-01  4.012785E-01  2.426327E-05
  9.000000E+00  4.800000E+01  3.016861E+02  3.759823E-01  4.058147E-01  2.382079E-05
  9.000000E+00  4.900000E+01  2.928393E+02  3.792348E-01  4.099684E-01  2.345220E-05
  9.000000E+00  5.000000E+01  2.849973E+02  3.822324E-01  4.138116E-01  2.314050E-05
  9.000000E+00  5.100000E+01  2.779673E+02  3.850203E-01  4.173982E-01  2.287366E-05
  9.000000E+00  5.200000E+01  2.716054E+02  3.876330E-01  4.207693E-01  2.264293E-05
  9.000000E+00  5.300000E+01  2.658018E+02  3.900972E-01  4.239570E-01  2.244176E-05
  9.000000E+00  5.400000E+01  2.604709E+02  3.924341E-01  4.269869E-01  2.226516E-05
  9.000000E+00  5.500000E+01  2.555449E+02  3.946606E-01  4.298794E-01  2.210925E-05
  9.000000E+00  5.600000E+01  2.509695E+02  3.967905E-01  4.326515E-01  2.197094E-05
  9.000000E+00  5.700000E+01  2.467002E+02  3.988354E-01  4.353169E-01  2.184779E-05
  9.000000E+00  5.800000E+01  2.427003E+02  4.008046E-01  4.378874E-01  2.173778E-05
  9.000000E+00  5.900000E+01  2.389395E+02  4.027063E-01  4.403728E-01  2.163927E-05
  9.000000E+00  6.000000E+01  2.353919E+02  4.045473E-01  4.427814E-01  2.155088E-05
  9.000000E+00  6.100000E+01  2.320357E+02  4.063334E-01  4.451205E-01  2.147146E-05
  9.000000E+00  6.200000E+01  2.288523E+02  4.080696E-01  4.473963E-01  2.140005E-05
  9.000000E+00  6.300000E+01  2.258255E+02  4.097605E-01  4.496143E-01  2.133581E-05
  9.000000E+00  6.400000E+01  2.229413E+02  4.114098E-01  4.517791E-01  2.127803E-05
  9.000000E+00  6.500000E+01  2.201876E+02  4.130209E-01  4.538951E-01  2.122608E-05
  9.000000E+00  6.600000E+01  2.175535E+02  4.145968E-01  4.559659E-01  2.117944E-05
  9.000000E+00  6.700000E+01  2.150296E+02  4.161402E-01  4.579949E-01  2.113764E-05
  9.000000E+00  6.800000E+01  2.126076E+02  4.176535E-01  4.599850E-01  2.110025E-05
  9.000000E+00  6.900000E+01  2.102799E+02  4.191387E-01  4.619388E-01  2.106692E-05
  9.000000E+00  7.000000E+01  2.080398E+02  4.205978E-01  4.638588E-01  2.103732E-05
  9.000000E+00  7.100000E+01  2.058813E+02  4.220325E-01  4.657471E-01  2.101117E-05
  9.000000E+00  7.200000E+01  2.037990E+02  4.234445E-01  4.676056E-01  2.098821E-05
  9.000000E+00  7.300000E+01  2.017880E+02  4.248350E-01  4.694362E-01  2.096820E-05
  9.000000E+00  7.400000E+01  1.998438E+02  4.262054E-01  4.712405E-01  2.095093E-05
  9.000000E+00  7.500000E+01  1.979623E+02  4.275568E-01  4.730200E-01  2.093622E-05
  9.000000E+00  7.600000E+01  1.961400E+02  4.288905E-01  4.747761E-01  2.092390E-05
  9.000000E+00  7.700000E+01  1.943734E+02  4.302072E-01  4.765099E-01  2.091381E-05
  9.000000E+00  7.800000E+01  1.926593E+02  4.315081E-01  4.782227E-01  2.090581E-05
  9.000000E+00  7.900000E+01  1.909950E+02  4.327939E-01  4.799155E-01  2.089977E-05
  9.000000E+00  8.000000E+01  1.893778E+02  4.340653E-01  4.815894E-01  2.089558E-05
  9.000000E+00  8.100000E+01  1.878053E+02  4.353232E-01  4.832451E-01  2.089311E-05
  9.000000E+00  8.200000E+01  1.862752E+02  4.365681E-01  4.848837E-01  2.089228E-05
  9.000000E+00  8.300000E+01  1.847854E+02  4.378008E-01  4.865059E-01  2.089299E-05
  9.000000E+00  8.400000E+01  1.833341E+02  4.390218E-01  4.881125E-01  2.089516E-05
  9.000000E+00  8.500000E+01  1.819193E+02  4.402316E-01  4.897041E-01  2.089870E-05
  9.000000E+00  8.600000E+01  1.805395E+02  4.414308E-01  4.912814E-01  2.090354E-05
  9.000000E+00  8.700000E+01  1.791930E+02  4.426198E-01  4.928449E-01  2.090963E-05
  9.000000E+00  8.800000E+01  1.778785E+02  4.437991E-01  4.943954E-01  2.091688E-05
  9.000000E+00  8.900000E+01  1.765944E+02  4.449690E-01  4.959333E-01  2.092525E-05
  9.000000E+00  9.000000E+01  1.753395E+02  4.461301E-01  4.974591E-01  2.093468E-05
  9.000000E+00  9.100000E+01  1.741127E+02  4.472826E-01  4.989733E-01  2.094511E-05
  9.000000E+00  9.200000E+01  1.729127E+02  4.484270E-01  5.004764E-01  2.095651E-05
  9.000000E+00  9.300000E+01  1.717385E+02  4.495635E-01  5.019687E-01  2.096883E-05
  9.000000E+00  9.400000E+01  1.705892E+02  4.506924E-01  5.034508E-01  2.098201E-05
  9.000000E+00  9.500000E+01  1.694636E+02  4.518142E-01  5.049229E-01  2.099603E-05
  9.000000E+00  9.600000E+01  1.683611E+02  4.529289E-01  5.063855E-01  2.101085E-05
  9.000000E+00  9.700000E+01  1.672806E+02  4.540370E-01  5.078388E-01  2.102643E-05
  9.000000E+00  9.800000E+01  1.662214E+02  4.551386E-01  5.092832E-01  2.104274E-05
  9.000000E+00  9.900000E+01  1.651827E+02  4.562340E-01  5.107191E-01  2.105974E-05
  9.000000E+00  1.000000E+02  1.641639E+02  4.573234E-01  5.121467E-01  2.107742E-05
  9.000000E+00  1.010000E+02  1.631641E+02  4.584071E-01  5.135663E-01  2.109574E-05
  1.000000E+01  1.000000E+00  9.690297E+02  1.873963E-01  1.977159E-01  1.121514E-04
  1.000000E+01  2.000000E+00  9.639423E+02  1.895406E-01  1.999146E-01  1.103988E-04
  1.000000E+01  3.000000E+00  9.587854E+02  1.916971E-01  2.021270E-01  1.086662E-04
  1.000000E+01  4.000000E+00  9.535561E+02  1.938666E-01  2.043537E-01  1.069527E-04
  1.000000E+01  5.000000E+00  9.482510E+02  1.960496E-01  2.065953E-01  1.052578E-04
  1.000000E+01  6.000000E+00  9.428666E+02  1.982468E-01  2.088527E-01  1.035805E-04
  1.000000E+01  7.000000E+00  9.373991E+02  2.004588E-01  2.111266E-01  1.019202E-04
  1.000000E+01  8.000000E+00  9.318445E+02  2.026864E-01  2.134178E-01  1.002761E-04
  1.000000E+01  9.000000E+00  9.261983E+02  2.049304E-01  2.157273E-01  9.864736E-05
  1.000000E+01  1.000000E+01  9.204558E+02  2.071918E-01  2.180559E-01  9.703323E-05
  1.000000E+01  1.100000E+01  9.146118E+02  2.094713E-01  2.204049E-01  9.543284E-05
  1.000000E+01  1.200000E+01  9.086608E+02  2.117702E-01  2.227754E-01  9.384532E-05
  1.000000E+01  1.300000E+01  9.025964E+02  2.140894E-01  2.251686E-01  9.226976E-05
  1.000000E+01  1.400000E+01  8.964121E+02  2.164304E-01  2.275860E-01  9.070520E-05
  1.000000E+01  1.500000E+01  8.901004E+02  2.187944E-01  2.300291E-01  8.915063E-05
  1.000000E+01  1.600000E+01  8.836530E+02  2.211831E-01  2.324997E-01  8.760497E-05
  1.000000E+01  1.700000E+01  8.770609E+02  2.235981E-01  2.349998E-01  8.606708E-05
  1.000000E+01  1.800000E+01  8.703140E+02  2.260414E-01  2.375315E-01  8.453573E-05
  1.000000E+01  1.900000E+01  8.634011E+02  2.285151E-01  2.400972E-01  8.300963E-05
  1.000000E+01  2.000000E+01  8.563098E+02  2.310216E-01  2.426996E-01  8.148736E-05
  1.000000E+01  2.100000E+01  8.490261E+02  2.335635E-01  2.453417E-01  7.996741E-05
  1.000000E+01  2.200000E+01  8.415345E+02  2.361437E-01  2.480268E-01  7.844818E-05
  1.000000E+01  2.300000E+01  8.338175E+02  2.387656E-01  2.507587E-01  7.692792E-05
  1.000000E+01  2.400000E+01  8.258558E+02  2.414328E-01  2.535415E-01  7.540477E-05
  1.000000E+01  2.500000E+01  8.176273E+02  2.441494E-01  2.563799E-01  7.387673E-05
  1.000000E+01  2.600000E+01  8.091077E+02  2.469198E-01  2.592791E-01  7.234162E-05
  1.000000E+01  2.700000E+01  8.002690E+02  2.497493E-01  2.622451E-01  7.079711E-05
  1.000000E+01  2.800000E+01  7.910795E+02  2.526436E-01  2.652846E-01  6.924060E-05
  1.000000E+01  2.900000E+01  7.815027E+02  2.556095E-01  2.684054E-01  6.766920E-05
  1.000000E+01  3.000000E+01  7.714960E+02  2.586549E-01  2.716167E-01  6.607961E-05
  1.000000E+01  3.100000E+01  7.610089E+02  2.617892E-01  2.749297E-01  6.446795E-05
  1.000000E+01  3.200000E+01  7.499804E+02  2.650238E-01  2.783575E-01  6.282961E-05
  1.000000E+01  3.300000E+01  7.383362E+02  2.683729E-01  2.819169E-01  6.115898E-05
  1.000000E+01  3.400000E+01  7.259842E+02  2.718540E-01  2.856284E-01  5.944925E-05
  1.000000E+01  3.500000E+01  7.128103E+02  2.754889E-01  2.895179E-01  5.769216E-05
  1.000000E+01  3.600000E+01  6.986736E+02  2.793048E-01  2.936176E-01  5.587793E-05
  1.000000E+01  3.700000E+01  6.834025E+02  2.833347E-01  2.979673E-01  5.399547E-05
  1.000000E+01  3.800000E+01  6.667932E+02  2.876182E-01  3.026153E-01  5.203294E-05
  1.000000E+01  3.900000E+01  6.486127E+02  2.922011E-01  3.076186E-01  4.997897E-05
  1.000000E+01  4.000000E+01  6.286116E+02  2.971343E-01  3.130424E-01  4.782473E-05
  1.000000E+01  4.100000E+01  6.065479E+02  3.024715E-01  3.189583E-01  4.556701E-05
  1.000000E+01  4.200000E+01  5.822248E+02  3.082662E-01  3.254417E-01  4.321160E-05
  1.000000E+01  4.300000E+01  5.556097E+02  3.145504E-01  3.325487E-01  4.078289E-05
  1.000000E+01  4.400000E+01  5.271958E+02  3.212607E-01  3.402290E-01  3.834994E-05
  1.000000E+01  4.500000E+01  4.982531E+02  3.281801E-01  3.482502E-01  3.603169E-05
  1.000000E+01  4.600000E+01  4.703367E+02  3.350195E-01  3.562809E-01  3.394169E-05
  1.000000E+01  4.700000E+01  4.445801E+02  3.415448E-01  3.640380E-01  3.213645E-05
  1.000000E+01  4.800000E+01  4.216254E+02  3.475918E-01  3.713096E-01  3.062555E-05
  1.000000E+01  4.900000E+01  4.016302E+02  3.530867E-01  3.779853E-01  2.938473E-05
  1.000000E+01  5.000000E+01  3.843269E+02  3.580510E-01  3.840705E-01  2.836821E-05
  1.000000E+01  5.100000E+01  3.693072E+02  3.625462E-01  3.896239E-01  2.752974E-05
  1.000000E+01  5.200000E+01  3.561758E+02  3.666398E-01  3.947158E-01  2.683096E-05
  1.000000E+01  5.300000E+01  3.445980E+02  3.703931E-01  3.994124E-01  2.624216E-05
  1.000000E+01  5.400000E+01  3.343029E+02  3.738577E-01  4.037707E-01  2.574079E-05
  1.000000E+01  5.500000E+01  3.250744E+02  3.770766E-01  4.078388E-01  2.530976E-05
  1.000000E+01  5.600000E+01  3.167400E+02  3.800853E-01  4.116569E-01  2.493597E-05
  1.000000E+01  5.700000E+01  3.091617E+02  3.829127E-01  4.152582E-01  2.460932E-05
  1.000000E+01  5.800000E+01  3.022282E+02  3.855830E-01  4.186706E-01  2.432193E-05
  1.000000E+01  5.900000E+01  2.958493E+02  3.881161E-01  4.219171E-01  2.406755E-05
  1.000000E+01  6.000000E+01  2.899509E+02  3.905288E-01  4.250174E-01  2.384120E-05
  1.000000E+01  6.100000E+01  2.844720E+02  3.928350E-01  4.279878E-01  2.363887E-05
  1.000000E+01  6.200000E+01  2.793618E+02  3.950465E-01  4.308424E-01  2.345728E-05
  1.000000E+01  6.300000E+01  2.745778E+02  3.971736E-01  4.335932E-01  2.329373E-05
  1.000000E+01  6.400000E+01  2.700840E+02  3.992248E-01  4.362503E-01  2.314599E-05
  1.000000E+01  6.500000E+01  2.658498E+02  4.012075E-01  4.388227E-01  2.301218E-05
  1.000000E+01  6.600000E+01  2.618491E+02  4.031282E-01  4.413181E-01  2.289073E-05
  1.000000E+01  6.700000E+01  2.580594E+02  4.049925E-01  4.437433E-01  2.278029E-05
  1.000000E+01  6.800000E+01  2.544609E+02  4.068053E-01  4.461040E-01  2.267970E-05
  1.000000E+01  6.900000E+01  2.510368E+02  4.085708E-01  4.484056E-01  2.258799E-05
  1.000000E+01  7.000000E+01  2.477720E+02  4.102930E-01  4.506527E-01  2.250429E-05
  1.000000E+01  7.100000E+01  2.446535E+02  4.119752E-01  4.528493E-01  2.242786E-05
  1.000000E+01  7.200000E+01  2.416696E+02  4.136204E-01  4.549992E-01  2.235804E-05
  1.000000E+01  7.300000E+01  2.388099E+02  4.152312E-01  4.571055E-01  2.229427E-05
  1.000000E+01  7.400000E+01  2.360652E+02  4.168102E-01  4.591713E-01  2.223604E-05
  1.000000E+01  7.500000E+01  2.334274E+02  4.183594E-01  4.611993E-01  2.218289E-05
  1.000000E+01  7.600000E+01  2.308889E+02  4.198809E-01  4.631918E-01  2.213443E-05
  1.000000E+01  7.700000E+01  2.284431E+02  4.213764E-01  4.651510E-01  2.209029E-05
  1.000000E+01  7.800000E+01  2.260839E+02  4.228475E-01  4.670789E-01  2.205016E-05
  1.000000E+01  7.900000E+01  2.238058E+02  4.242958E-01  4.689774E-01  2.201376E-05
  1.000000E+01  8.000000E+01  2.216039E+02  4.257225E-01  4.708481E-01  2.198081E-05
  1.000000E+01  8.100000E+01  2.194735E+02  4.271289E-01  4.726925E-01  2.195108E-05
  1.000000E+01  8.200000E+01  2.174106E+02  4.285162E-01  4.745121E-01  2.192436E-05
  1.000000E+01  8.300000E+01  2.154112E+02  4.298853E-01  4.763081E-01  2.190045E-05
  1.000000E+01  8.400000E+01  2.134719E+02  4.312373E-01  4.780818E-01  2.187918E-05
  1.000000E+01  8.500000E+01  2.115894E+02  4.325730E-01  4.798343E-01  2.186039E-05
  1.000000E+01  8.600000E+01  2.097607E+02  4.338932E-01  4.815666E-01  2.184391E-05
  1.000000E+01  8.700000E+01  2.079832E+02  4.351989E-01  4.832797E-01  2.182962E-05
  1.000000E+01  8.800000E+01  2.062541E+02  4.364905E-01  4.849744E-01  2.181740E-05
  1.000000E+01  8.900000E+01  2.045711E+02  4.377689E-01  4.866516E-01  2.180711E-05
  1.000000E+01  9.000000E+01  2.029321E+02  4.390346E-01  4.883121E-01  2.179867E-05
  1.000000E+01  9.100000E+01  2.013349E+02  4.402882E-01  4.899567E-01  2.179196E-05
  1.000000E+01  9.200000E+01  1.997777E+02  4.415303E-01  4.915859E-01  2.178689E-05
  1.000000E+01  9.300000E+01  1.982586E+02  4.427613E-01  4.932005E-01  2.178339E-05
  1.000000E+01  9.400000E+01  1.967759E+02  4.439818E-01  4.948010E-01  2.178137E-05
  1.000000E+01  9.500000E+01  1.953282E+02  4.451922E-01  4.963881E-01  2.178075E-05
  1.000000E+01  9.600000E+01  1.939138E+02  4.463929E-01  4.979622E-01  2.178147E-05
  1.000000E+01  9.700000E+01  1.925315E+02  4.475843E-01  4.995238E-01  2.178346E-05
  1.000000E+01  9.800000E+01  1.911799E+02  4.487668E-01  5.010736E-01  2.178666E-05
  1.000000E+01  9.900000E+01  1.898578E+02  4.499408E-01  5.026118E-01  2.179101E-05
  1.000000E+01  1.000000E+02  1.885640E+02  4.511065E-01  5.041389E-01  2.179647E-05
  1.000000E+01  1.010000E+02  1.872975E+02  4.522644E-01  5.056554E-01  2.180298E-05
  1.100000E+01  1.000000E+00  9.747692E+02  1.860179E-01  1.973026E-01  1.140883E-04
  1.100000E+01  2.000000E+00  9.698520E+02  1.881257E-01  1.994677E-01  1.123501E-04
  1.100000E+01  3.000000E+00  9.648741E+02  1.902442E-01  2.016446E-01  1.106328E-04
  1.100000E+01  4.000000E+00  9.598331E+02  1.923737E-01  2.038340E-01  1.089357E-04
  1.100000E+01  5.000000E+00  9.547262E+02  1.945148E-01  2.060364E-01  1.072583E-04
  1.100000E+01  6.000000E+00  9.495510E+02  1.966679E-01  2.082523E-01  1.055998E-04
  1.100000E+01  7.000000E+00  9.443043E+02  1.988335E-01  2.104823E-01  1.039596E-04
  1.100000E+01  8.000000E+00  9.389832E+02  2.010124E-01  2.127272E-01  1.023370E-04
  1.100000E+01  9.000000E+00  9.335843E+02  2.032049E-01  2.149875E-01  1.007313E-04
  1.100000E+01  1.000000E+01  9.281041E+02  2.054119E-01  2.172640E-01  9.914178E-05
  1.100000E+01  1.100000E+01  9.225388E+02  2.076340E-01  2.195576E-01  9.756783E-05
  1.100000E+01  1.200000E+01  9.168842E+02  2.098719E-01  2.218690E-01  9.600869E-05
  1.100000E+01  1.300000E+01  9.111360E+02  2.121265E-01  2.241993E-01  9.446363E-05
  1.100000E+01  1.400000E+01  9.052893E+02  2.143986E-01  2.265495E-01  9.293188E-05
  1.100000E+01  1.500000E+01  8.993389E+02  2.166893E-01  2.289206E-01  9.141264E-05
  1.100000E+01  1.600000E+01  8.932792E+02  2.189997E-01  2.313139E-01  8.990510E-05
  1.100000E+01  1.700000E+01  8.871040E+02  2.213308E-01  2.337307E-01  8.840838E-05
  1.100000E+01  1.800000E+01  8.808064E+02  2.236840E-01  2.361726E-01  8.692159E-05
  1.100000E+01  1.900000E+01  8.743790E+02  2.260607E-01  2.386411E-01  8.544378E-05
  1.100000E+01  2.000000E+01  8.678137E+02  2.284626E-01  2.411381E-01  8.397394E-05
  1.100000E+01  2.100000E+01  8.611016E+02  2.308912E-01  2.436655E-01  8.251103E-05
  1.100000E+01  2.200000E+01  8.542327E+02  2.333484E-01  2.462255E-01  8.105395E-05
  1.100000E+01  2.300000E+01  8.471964E+02  2.358364E-01  2.488204E-01  7.960152E-05
  1.100000E+01  2.400000E+01  8.399808E+02  2.383574E-01  2.514529E-01  7.815255E-05
  1.100000E+01  2.500000E+01  8.325730E+02  2.409137E-01  2.541258E-01  7.670578E-05
  1.100000E+01  2.600000E+01  8.249588E+02  2.435081E-01  2.568421E-01  7.525988E-05
  1.100000E+01  2.700000E+01  8.171228E+02  2.461433E-01  2.596052E-01  7.381349E-05
  1.100000E+01  2.800000E+01  8.090478E+02  2.488226E-01  2.624188E-01  7.236519E-05
  1.100000E+01  2.900000E+01  8.007153E+02  2.515494E-01  2.652871E-01  7.091347E-05
  1.100000E+01  3.000000E+01  7.921044E+02  2.543274E-01  2.682144E-01  6.945677E-05
  1.100000E+01  3.100000E+01  7.831921E+02  2.571609E-01  2.712060E-01  6.799338E-05
  1.100000E+01  3.200000E+01  7.739524E+02  2.600548E-01  2.742675E-01  6.652143E-05
  1.100000E+01  3.300000E+01  7.643556E+02  2.630146E-01  2.774058E-01  6.503886E-05
  1.100000E+01  3.400000E+01  7.543675E+02  2.660468E-01  2.806286E-01  6.354330E-05
  1.100000E+01  3.500000E+01  7.439486E+02  2.691591E-01  2.839450E-01  6.203206E-05
  1.100000E+01  3.600000E+01  7.330526E+02  2.723602E-01  2.873660E-01  6.050206E-05
  1.100000E+01  3.700000E+01  7.216263E+02  2.756607E-01  2.909041E-01  5.894985E-05
  1.100000E+01  3.800000E+01  7.096085E+02  2.790724E-01  2.945739E-01  5.737175E-05
  1.100000E+01  3.900000E+01  6.969313E+02  2.826086E-01  2.983921E-01  5.576400E-05
  1.100000E+01  4.000000E+01  6.835216E+02  2.862836E-01  3.023768E-01  5.412319E-05
  1.100000E+01  4.100000E+01  6.693049E+02  2.901121E-01  3.065471E-01  5.244677E-05
  1.100000E+01  4.200000E+01  6.542106E+02  2.941084E-01  3.109225E-01  5.073361E-05
  1.100000E+01  4.300000E+01  6.381785E+02  2.982854E-01  3.155220E-01  4.898467E-05
  1.100000E+01  4.400000E+01  6.211655E+02  3.026545E-01  3.203631E-01  4.720345E-05
  1.100000E+01  4.500000E+01  6.031543E+02  3.072238E-01  3.254612E-01  4.539644E-05
  1.100000E+01  4.600000E+01  5.841712E+02  3.119956E-01  3.308257E-01  4.357432E-05
  1.100000E+01  4.700000E+01  5.643258E+02  3.169577E-01  3.364499E-01  4.175472E-05
  1.100000E+01  4.800000E+01  5.438599E+02  3.220724E-01  3.422982E-01  3.996479E-05
  1.100000E+01  4.900000E+01  5.231505E+02  3.272753E-01  3.483018E-01  3.823895E-05
  1.100000E+01  5.000000E+01  5.026434E+02  3.324865E-01  3.543708E-01  3.661131E-05
  1.100000E+01  5.100000E+01  4.827663E+02  3.376253E-01  3.604106E-01  3.510852E-05
  1.100000E+01  5.200000E+01  4.638688E+02  3.426197E-01  3.663333E-01  3.374657E-05
  1.100000E+01  5.300000E+01  4.461848E+02  3.474147E-01  3.720682E-01  3.253018E-05
  1.100000E+01  5.400000E+01  4.298521E+02  3.519699E-01  3.775601E-01  3.145640E-05
  1.100000E+01  5.500000E+01  4.149010E+02  3.562664E-01  3.827788E-01  3.051536E-05
  1.100000E+01  5.600000E+01  4.012756E+02  3.603045E-01  3.877171E-01  2.969298E-05
  1.100000E+01  5.700000E+01  3.888726E+02  3.640964E-01  3.923833E-01  2.897397E-05
  1.100000E+01  5.800000E+01  3.775710E+02  3.676602E-01  3.967938E-01  2.834379E-05
  1.100000E+01  5.900000E+01  3.672493E+02  3.710161E-01  4.009685E-01  2.778949E-05
  1.100000E+01  6.000000E+01  3.577940E+02  3.741840E-01  4.049279E-01  2.729993E-05
  1.100000E+01  6.100000E+01  3.491030E+02  3.771826E-01  4.086920E-01  2.686571E-05
  1.100000E+01  6.200000E+01  3.410866E+02  3.800293E-01  4.122792E-01  2.647892E-05
  1.100000E+01  6.300000E+01  3.336663E+02  3.827395E-01  4.157066E-01  2.613299E-05
  1.100000E+01  6.400000E+01  3.267744E+02  3.853269E-01  4.189893E-01  2.582238E-05
  1.100000E+01  6.500000E+01  3.203520E+02  3.878037E-01  4.221409E-01  2.554250E-05
  1.100000E+01  6.600000E+01  3.143484E+02  3.901807E-01  4.251737E-01  2.528945E-05
  1.100000E+01  6.700000E+01  3.087197E+02  3.924673E-01  4.280983E-01  2.505997E-05
  1.100000E+01  6.800000E+01  3.034278E+02  3.946720E-01  4.309244E-01  2.485128E-05
  1.100000E+01  6.900000E+01  2.984395E+02  3.968020E-01  4.336604E-01  2.466101E-05
  1.100000E+01  7.000000E+01  2.937260E+02  3.988640E-01  4.363139E-01  2.448715E-05
  1.100000E+01  7.100000E+01  2.892618E+02  4.008638E-01  4.388916E-01  2.432795E-05
  1.100000E+01  7.200000E+01  2.850249E+02  4.028064E-01  4.413995E-01  2.418192E-05
  1.100000E+01  7.300000E+01  2.809956E+02  4.046964E-01  4.438430E-01  2.404776E-05
  1.100000E+01  7.400000E+01  2.771566E+02  4.065380E-01  4.462268E-01  2.392433E-05
  1.100000E+01  7.500000E+01  2.734925E+02  4.083347E-01  4.485552E-01  2.381064E-05
  1.100000E+01  7.600000E+01  2.699897E+02  4.100899E-01  4.508322E-01  2.370581E-05
  1.100000E+01  7.700000E+01  2.666359E+02  4.118064E-01  4.530612E-01  2.360908E-05
  1.100000E+01  7.800000E+01  2.634202E+02  4.134870E-01  4.552454E-01  2.351977E-05
  1.100000E+01  7.900000E+01  2.603328E+02  4.151341E-01  4.573877E-01  2.343726E-05
  1.100000E+01  8.000000E+01  2.573647E+02  4.167497E-01  4.594907E-01  2.336103E-05
  1.100000E+01  8.100000E+01  2.545079E+02  4.183360E-01  4.615567E-01  2.329059E-05
  1.100000E+01  8.200000E+01  2.517552E+02  4.198948E-01  4.635880E-01  2.322550E-05
  1.100000E+01  8.300000E+01  2.490998E+02  4.214276E-01  4.655866E-01  2.316537E-05
  1.100000E+01  8.400000E+01  2.465359E+02  4.229360E-01  4.675543E-01  2.310985E-05
  1.100000E+01  8.500000E+01  2.440579E+02  4.244214E-01  4.694927E-01  2.305863E-05
  1.100000E+01  8.600000E+01  2.416607E+02  4.258851E-01  4.714035E-01  2.301140E-05
  1.100000E+01  8.700000E+01  2.393396E+02  4.273283E-01  4.732881E-01  2.296792E-05
  1.100000E+01  8.800000E+01  2.370906E+02  4.287519E-01  4.751477E-01  2.292793E-05
  1.100000E+01  8.900000E+01  2.349095E+02  4.301572E-01  4.769837E-01  2.289122E-05
  1.100000E+01  9.000000E+01  2.327928E+02  4.315449E-01  4.787973E-01  2.285759E-05
  1.100000E+01  9.100000E+01  2.307371E+02  4.329160E-01  4.805893E-01  2.282685E-05
  1.100000E+01  9.200000E+01  2.287394E+02  4.342713E-01  4.823610E-01  2.279884E-05
  1.100000E+01  9.300000E+01  2.267967E+02  4.356115E-01  4.841131E-01  2.277339E-05
  1.100000E+01  9.400000E+01  2.249063E+02  4.369374E-01  4.858466E-01  2.275036E-05
  1.100000E+01  9.500000E+01  2.230659E+02  4.382495E-01  4.875623E-01  2.272962E-05
  1.100000E+01  9.600000E+01  2.212729E+02  4.395486E-01  4.892610E-01  2.271104E-05
  1.100000E+01  9.700000E+01  2.195253E+02  4.408352E-01  4.909433E-01  2.269451E-05
  1.100000E+01  9.800000E+01  2.178210E+02  4.421098E-01  4.926099E-01  2.267993E-05
  1.100000E+01  9.900000E+01  2.161582E+02  4.433729E-01  4.942616E-01  2.266718E-05
  1.100000E+01  1.000000E+02  2.145349E+02  4.446251E-01  4.958988E-01  2.265619E-05
  1.100000E+01  1.010000E+02  2.129496E+02  4.458668E-01  4.975222E-01  2.264687E-05
