-20.00000000000000000000
-5.69337007151133089877
-5.62897038086468004536
-5.49731862030475948444
-5.53163594065530173083
-5.34224705070748395741
-20.00000000000000000000
-5.84419474847922337801
-6.25169387213788319002
-6.57332370868672111186
-7.03385574883861330875
-20.00000000000000000000
-20.00000000000000000000
-6.13396341376417009172
-5.92278991732409032522
-5.81425999978623231357
-5.79824978358077913754
-5.52343061652848099641
-4.95667408748749149794
-3.50138789180378262600
-3.36310509693078651949
-3.20415226628338078996
-3.17079550500845996908
-2.80793525500858986987
-5.06166658741071540106
-4.61159776712897251372
-4.70456220453555040706
-4.75268830987966950374
-4.60500899888645065516
-4.56369184571964314756
