   0.00000000000000000001
   0.00000225600000000000
   0.00000451200000000000
   0.00000676800000000000
   0.00000902400000000000
   0.00002707200000000000
   0.00000000000000000001
   0.00000000252800000000
   0.00000000505600000000
   0.00000000758400000000
   0.00000001011200000000
   0.00000003033600000000
   0.00000000000000000001
   0.00000225600000000000
   0.00000451200000000000
   0.00000676800000000000
   0.00000902400000000000
   0.00002707200000000000
   0.00001104907000000000
   0.00002459880000000000
   0.00003803040000000000
   0.00005135803000000000
   0.00006458446000000000
   0.00016706079999999999
   0.00000867627700000000
   0.00000867831700000000
   0.00000868034300000000
   0.00000868235500000000
   0.00000868435600000000
   0.00000869994500000000
